code,volume_turnover_ratio
600689.XSHG,-0.00018412063205090106
300831.XSHE,0.0011979891111548314
688281.XSHG,1.4084440891910582e-05
688359.XSHG,2.009370389674742e-05
605378.XSHG,-0.00039717940520996525
600865.XSHG,-4.751023671637476e-05
300958.XSHE,2.068523335996351e-05
601666.XSHG,0.006889952972754297
002843.XSHE,0.0007162170779016582
001222.XSHE,-0.000277973236884672
600476.XSHG,5.011350508536878e-05
688448.XSHG,-0.0004691491803838546
688216.XSHG,-0.000290502544838708
300259.XSHE,0.0001329966051987491
301116.XSHE,0.000658485684740557
000831.XSHE,0.002288253476728548
600008.XSHG,0.007767181692994943
688087.XSHG,0.0001259188082047976
301529.XSHE,-0.00043459983533859325
300534.XSHE,0.00018829181103042223
600720.XSHG,0.00019356831068255268
000707.XSHE,0.0007891292636218392
300741.XSHE,0.004267713991999027
000603.XSHE,0.0010626693482220489
600691.XSHG,0.0020798287700139204
300305.XSHE,-0.00015095037029775216
000688.XSHE,0.001910565201123317
688557.XSHG,-0.00032191464532050447
688478.XSHG,-0.00017460935953863578
002441.XSHE,0.0002130937501345747
300184.XSHE,0.000764014073075182
600064.XSHG,0.0002730001457511916
002841.XSHE,0.0028093168309164494
600462.XSHG,0.0003825236521267926
300370.XSHE,7.622531448900566e-05
600310.XSHG,0.0006359934004975883
301229.XSHE,-0.00040495292140161325
600551.XSHG,0.0006887523769688749
300711.XSHE,0.0007209499085609402
002890.XSHE,-0.00024342167470881644
601858.XSHG,0.006922848609405436
002695.XSHE,0.0005922836783270683
603327.XSHG,0.0033019495265062078
603600.XSHG,0.0002741852173489363
301220.XSHE,-0.0003341359320716236
003028.XSHE,-0.0003306647562438675
300181.XSHE,0.00033524349574713333
002467.XSHE,0.0006686765611306209
600083.XSHG,0.0013917587761120907
600737.XSHG,0.0014250492872929386
300742.XSHE,-0.0005158552969489239
603305.XSHG,0.004458405986860764
000488.XSHE,0.0014251804126030037
000632.XSHE,-0.00018971942242443807
600339.XSHG,0.01299510253524896
600118.XSHG,0.000685369754882375
002968.XSHE,-8.571723010958321e-05
688667.XSHG,-0.0003549733581401505
603185.XSHG,0.001347426115674071
603899.XSHG,0.0042374863191405945
600331.XSHG,0.0019370259308831683
000420.XSHE,0.0031645965125017715
002159.XSHE,0.00016284997607455274
002724.XSHE,0.0023790570650793065
300007.XSHE,0.00015569091687387304
300429.XSHE,0.00016354731734990048
600523.XSHG,0.0013850837697274643
601633.XSHG,0.01634250359809061
603711.XSHG,0.0033665252462111383
688092.XSHG,-0.0006051269779432057
002333.XSHE,0.0004620494692141561
002940.XSHE,0.0002162766243659622
300384.XSHE,-0.00016725719264685157
301002.XSHE,-0.00035146374957159776
001308.XSHE,0.0002378908770236114
301156.XSHE,-0.0004966292053303676
603021.XSHG,0.000334179993559099
605069.XSHG,-0.00016833850381440792
000159.XSHE,0.0007856850789922926
300135.XSHE,0.00015296944443606345
600051.XSHG,-0.00017734283231249826
605588.XSHG,-0.0004168377468077094
688269.XSHG,2.552886685659489e-05
300507.XSHE,0.00018759073750719503
000301.XSHE,0.023984269816600717
002540.XSHE,0.0005366355834312671
601727.XSHG,0.1108220983682831
688091.XSHG,0.0003652259800769041
688777.XSHG,0.005249173014086451
000012.XSHE,0.00036721821475759863
300968.XSHE,0.0010605065051108092
688475.XSHG,0.0008232947243926448
688681.XSHG,-0.000253437177341679
603636.XSHG,0.0007960788134087829
002237.XSHE,0.0008005073678735169
301106.XSHE,-0.0005141003321122988
002122.XSHE,0.0019144479434870243
000993.XSHE,0.001801558381761689
300809.XSHE,0.00022723200884207362
688028.XSHG,0.00028702222677424874
300978.XSHE,0.0007467482947461629
002635.XSHE,0.00044451046366128044
688312.XSHG,0.0006227003358869406
300770.XSHE,0.0007729647248616146
688302.XSHG,0.0001218877832173626
002665.XSHE,0.0013085392306399985
601698.XSHG,0.0421868169517634
002542.XSHE,0.00025922975516122786
603329.XSHG,0.0006665475520342845
600151.XSHG,0.0026402426934256885
300644.XSHE,-0.00036604676453862346
300567.XSHE,0.0005459073621709359
002514.XSHE,0.00033484157118656246
600641.XSHG,0.0001235609094758136
688370.XSHG,-0.0003592517426966072
300877.XSHE,0.00035257855554321786
300525.XSHE,0.00033586919415304236
300752.XSHE,-9.715932774428883e-05
300205.XSHE,0.0001784063113575811
688031.XSHG,0.00039678759410881516
300572.XSHE,-5.799320818887965e-06
688682.XSHG,-0.0004401348957016707
301335.XSHE,-0.0005134615893602163
600354.XSHG,0.001071579811290272
688636.XSHG,-0.0003018103803491957
603387.XSHG,0.0007016111474784769
000609.XSHE,-0.0003478395506409411
002024.XSHE,0.0007036494618764266
001226.XSHE,-0.0005831961595810892
688548.XSHG,0.002227939039861416
601966.XSHG,0.013512148380642026
002616.XSHE,0.0003797540599490103
002826.XSHE,0.0009075980626893779
002992.XSHE,0.0003525340202890135
300414.XSHE,0.00010653950779328171
300535.XSHE,-0.00043204946209095306
601518.XSHG,0.011088883132618197
000888.XSHE,0.0002546516069903864
688150.XSHG,0.0013642159188864582
688702.XSHG,0.0001953284082656793
300134.XSHE,0.0012270621712339555
301468.XSHE,-0.0003108856554184659
600444.XSHG,-0.00013979143916394144
002252.XSHE,0.0028337489584746413
000716.XSHE,0.0011827750767995197
600111.XSHG,0.0020380648819317156
002790.XSHE,0.00028151298115608307
301339.XSHE,0.0008196975260723295
002384.XSHE,0.0018529874749148333
605369.XSHG,0.00027542286957182556
603982.XSHG,0.0017673161649003621
002607.XSHE,0.005834571738575073
600082.XSHG,0.00025066826064716727
688456.XSHG,-8.147238626128985e-05
301259.XSHE,-0.00018648152389360304
688586.XSHG,0.0035474123733764944
000818.XSHE,0.003155362648205933
300715.XSHE,0.00013855112380662272
600823.XSHG,9.928136524308751e-05
601900.XSHG,0.007098853769426499
002715.XSHE,0.00010059771742877981
300243.XSHE,-0.0003775204263310298
603986.XSHG,0.001370265144860311
601618.XSHG,0.12031383897956828
300221.XSHE,0.00032775067701506513
600200.XSHG,0.0001537002481606594
300474.XSHE,0.0011094388423384702
002366.XSHE,0.0035071966547028906
300647.XSHE,0.0009163625570333368
603201.XSHG,-0.0004116886835994557
601611.XSHG,0.027487929165993328
603788.XSHG,0.0005216691069773586
603003.XSHG,0.0033878840690533822
002747.XSHE,0.0010657915226531807
600190.XSHG,0.006018954484595649
603032.XSHG,0.0007622279967178071
601918.XSHG,0.015930326577701992
300324.XSHE,0.0001877085165821621
603803.XSHG,0.0033239044272142717
600259.XSHG,0.002813698403650172
603013.XSHG,0.0038830897679366645
603069.XSHG,0.0025973811571236302
600225.XSHG,0.015613409980787599
601279.XSHG,0.0015611203031353775
688513.XSHG,0.0006705584893267845
600613.XSHG,-0.00041917552142876663
688315.XSHG,0.0007396270975973758
002957.XSHE,0.003505309815224983
603912.XSHG,0.0012759557661724064
600917.XSHG,0.013447863650381708
002694.XSHE,0.000744440336466701
300979.XSHE,0.001533383714343856
301050.XSHE,0.00041487378340554796
600975.XSHG,0.0006301940387818904
301162.XSHE,-9.356530601474999e-05
002782.XSHE,0.001386975620338313
688168.XSHG,-0.0002270122632700237
603275.XSHG,-0.0001168593802719226
300883.XSHE,0.0024861875531907787
300488.XSHE,-0.00012965495058319624
601838.XSHG,0.029934486041542172
300985.XSHE,-0.00018954753561980267
002154.XSHE,0.00035895928111812314
300545.XSHE,4.006826465288e-06
001269.XSHE,0.0001834264520388683
300806.XSHE,0.00028540954760746163
688119.XSHG,0.004995559039469909
605090.XSHG,0.001594832568827124
605300.XSHG,8.370044005569965e-05
688531.XSHG,-0.00023203094321443344
600219.XSHG,0.01580274072954876
000812.XSHE,0.00045577008380793583
000608.XSHE,-0.0001475512275659227
002047.XSHE,0.00350248685146124
300935.XSHE,-0.0005177387045246935
301129.XSHE,-0.00045370436308731117
600178.XSHG,0.0015443528301314832
688078.XSHG,-2.2413475347284203e-05
002316.XSHE,0.0001543814827686356
603053.XSHG,0.007653968127221063
688768.XSHG,-0.0003540009888866303
603579.XSHG,-0.00011653352221722253
600071.XSHG,-5.730412595422469e-06
300909.XSHE,0.00012564698637732052
000552.XSHE,0.0029725106484082375
600777.XSHG,0.0018955131780741242
603089.XSHG,0.00025762523032542793
301332.XSHE,0.0003223072121370784
688180.XSHG,0.005117503273141744
603879.XSHG,0.0006127357537262957
600616.XSHG,-0.0005814019833928827
688188.XSHG,0.001015681259528264
301035.XSHE,0.0007144431623690749
300103.XSHE,-0.0003398682037043059
300513.XSHE,0.00032591439329992557
301397.XSHE,-0.0003353238114002724
002323.XSHE,0.0021450351479118737
000759.XSHE,0.00018493015883674045
300439.XSHE,0.0002995807869779309
002193.XSHE,0.00038727812964978344
002186.XSHE,0.0006418919438892203
002699.XSHE,0.0001962068361664052
000985.XSHE,-4.337385701380452e-05
002250.XSHE,0.0010416233420344721
688352.XSHG,0.0014182036187925457
300428.XSHE,0.0011114818574816001
600085.XSHG,0.0014005045820960908
300077.XSHE,0.0006332293501613872
000155.XSHE,0.008068546494939266
002073.XSHE,0.0005598703969507822
603042.XSHG,0.0008187961316622114
000810.XSHE,0.0017824731989069863
300109.XSHE,0.00012552969070022822
688570.XSHG,0.0002370414468215314
002344.XSHE,0.0023243132912479317
300908.XSHE,0.0001861272581741599
300933.XSHE,0.0017130536753773222
002897.XSHE,0.0004927505020122251
001360.XSHE,-0.00016419982120418047
600143.XSHG,0.0010802387271662717
601566.XSHG,0.002761092079016171
300464.XSHE,0.0005115014763478023
301348.XSHE,0.00013618971352389383
301418.XSHE,-0.0004425978766780927
688033.XSHG,0.005189563026823293
600864.XSHG,0.001665538098268425
688515.XSHG,-0.0002135370257349655
300710.XSHE,-0.0001726826286103804
002278.XSHE,0.0007179197118593853
000526.XSHE,-0.0001419193898681554
002168.XSHE,-0.00016163146972086948
301293.XSHE,2.0893908771077126e-05
603106.XSHG,0.002087845838334864
300569.XSHE,0.0003743274779099873
603565.XSHG,0.006106831046072475
688056.XSHG,-0.00011962257701115847
000755.XSHE,0.0017570476460402808
300047.XSHE,0.0005226795412887038
601881.XSHG,0.060918576320230254
301073.XSHE,-0.00020399445281090985
002061.XSHE,0.0073442642571119035
688185.XSHG,0.000993730887429928
603259.XSHG,0.010895190331633439
000848.XSHE,-1.371374591489121e-05
300721.XSHE,-5.46174414389419e-05
300964.XSHE,-0.0003724816343849195
600626.XSHG,0.00018299715511198886
688106.XSHG,0.004396765448683161
002055.XSHE,0.0004802322224148986
300126.XSHE,-0.00027720993387123896
600732.XSHG,0.0022845308142148456
605088.XSHG,0.0008484670573081735
301307.XSHE,6.290500229742395e-05
600715.XSHG,0.0041497762496923675
002440.XSHE,0.001263640005238988
002550.XSHE,0.0004391048796942803
688020.XSHG,0.00019184945572058888
300385.XSHE,-7.979674004374767e-05
688651.XSHG,-0.0004833539489484933
000680.XSHE,0.0015271481558808834
001314.XSHE,-0.00018341168517106693
601328.XSHG,0.12041162939818316
605198.XSHG,0.0022322830122153067
000899.XSHE,0.002102608344579446
002632.XSHE,0.00033909715563876024
601233.XSHG,0.007181992459982453
002095.XSHE,3.144114668566687e-05
300140.XSHE,0.0008492247096680907
300939.XSHE,-0.00016197623493893087
301500.XSHE,-1.622988930927513e-05
688678.XSHG,0.00016421325049390694
002472.XSHE,0.0013490086665983903
300615.XSHE,-0.00017934035284270227
301133.XSHE,-0.0004024826399064126
600419.XSHG,0.0003353159602518638
300401.XSHE,0.0005165713059118606
603388.XSHG,0.0004134219299935895
301085.XSHE,-0.00016216940252796412
300310.XSHE,0.00030853228461052984
300612.XSHE,-1.0037707934874417e-05
688375.XSHG,0.0016704739799535773
300755.XSHE,0.0018203891029059567
300108.XSHE,0.0002800269153909019
600100.XSHG,0.0013277903373922445
002698.XSHE,0.002709859987418584
301270.XSHE,0.00011158737942542382
300500.XSHE,-0.00015883143938263012
002337.XSHE,0.0004443165092444894
300368.XSHE,1.7192272805383068e-05
300923.XSHE,-0.0005173626685424502
002378.XSHE,0.003790429756347413
002150.XSHE,3.54622045532077e-05
300437.XSHE,-8.718596199462387e-05
002576.XSHE,0.00046738786919238266
000099.XSHE,0.0013101144716324196
603030.XSHG,0.0011219631374855036
002052.XSHE,0.0001419810175748152
300160.XSHE,0.00038042089336345496
603931.XSHG,0.00046376911968881154
600956.XSHG,0.0204372862009923
002301.XSHE,0.0009148224610397448
001286.XSHE,0.007242746309250852
002239.XSHE,0.0032277915188299294
300541.XSHE,0.0004426876334900886
603111.XSHG,0.002699125688154911
603286.XSHG,0.00016656565498723754
300314.XSHE,-0.00012305323876828631
002265.XSHE,0.0037115359575827086
002006.XSHE,0.00012269236641155315
603076.XSHG,0.00016736782888319317
301217.XSHE,0.0018878073036280758
600195.XSHG,0.001258356249188327
688390.XSHG,0.0006958849189317073
688569.XSHG,0.0007505732939472011
300457.XSHE,0.000610623719139554
688167.XSHG,0.0003366577115696908
688435.XSHG,-0.00039055335690032383
000567.XSHE,0.0010529625127017556
300577.XSHE,-0.00026149263723259454
603101.XSHG,0.0016854430136686715
300610.XSHE,-9.23475700537259e-05
600061.XSHG,0.006831155582602819
002043.XSHE,0.000425959150375877
301525.XSHE,-0.00018362012851502467
000421.XSHE,-0.00016935737245938947
002163.XSHE,0.0012848174088922787
300654.XSHE,0.00030767230840511844
301305.XSHE,-9.782679816078819e-06
000798.XSHE,0.000895964961760916
603987.XSHG,0.001354991467794562
002104.XSHE,0.0003511380235425202
003003.XSHE,0.00030313892209460173
600697.XSHG,-0.00037916171120220155
300433.XSHE,0.008700645248707083
000088.XSHE,0.002438839557023469
301038.XSHE,-0.00027199311961727257
601028.XSHG,0.0028632504510646157
300188.XSHE,0.00027572973380863923
300531.XSHE,0.00033711081813414697
600863.XSHG,0.003024407782123648
601766.XSHG,0.12041162939818316
603687.XSHG,0.0035971201755746027
600229.XSHG,0.0036031908075399538
002543.XSHE,0.0007066003477225768
301533.XSHE,-0.0004271580421082206
002089.XSHE,-0.0001502820565511887
601229.XSHG,0.043019323133694116
301183.XSHE,-0.00019877689465070872
002860.XSHE,-2.846529986925495e-05
002901.XSHE,0.003079763364393692
300248.XSHE,-0.00020625187714134265
002185.XSHE,0.003003807433677612
002321.XSHE,0.009431827488308966
002363.XSHE,0.0008482102209370145
002569.XSHE,-0.00010163915645207834
600936.XSHG,0.015809393175771947
603195.XSHG,0.005878433149520592
000416.XSHE,-0.00048233997090301145
000570.XSHE,0.0002266340133937093
301013.XSHE,0.00041796416880503
000560.XSHE,0.0037349778627742006
600391.XSHG,0.0009061873965304574
000423.XSHE,0.0005896307811146174
603307.XSHG,-0.0005487227312191661
002861.XSHE,5.3261521951371424e-05
300593.XSHE,0.0006844035142780521
301362.XSHE,-0.0003773484144141582
688222.XSHG,0.0034894969934803023
600180.XSHG,0.0031238495011803886
002756.XSHE,0.001218892794589956
300661.XSHE,0.000644721432460588
002331.XSHE,9.56637456659223e-05
688069.XSHG,-0.00021261591710459765
603133.XSHG,0.0011586696996895448
002511.XSHE,0.001327745484587541
300234.XSHE,-0.0001676126609178667
300283.XSHE,-0.0002611219591401316
600881.XSHG,0.00015538529801684624
603098.XSHG,0.0038364558166842943
300642.XSHE,-0.00022372783930251026
600682.XSHG,0.0005100700915266268
688529.XSHG,0.0006280243722189043
300364.XSHE,0.0012322436956643688
688353.XSHG,-0.00020820966568771377
002558.XSHE,0.00442128728523365
688007.XSHG,0.00428680486910228
600983.XSHG,0.002626157224537646
002133.XSHE,0.00168245705515226
002038.XSHE,9.709024473569897e-05
600713.XSHG,0.00018661246773311782
601012.XSHG,0.004189610399261301
003017.XSHE,-0.00040074385821201356
301135.XSHE,-0.0002895184617847393
601500.XSHG,0.011506928247120275
605005.XSHG,4.763729775478145e-05
300461.XSHE,-0.00022417191810211517
002908.XSHE,0.0004544197768592477
301201.XSHE,-7.255472989317797e-05
002930.XSHE,0.0018438897182004243
600212.XSHG,0.0013176867187970564
600575.XSHG,0.0017443427933148022
605368.XSHG,0.0010661071460279932
600511.XSHG,0.0008142414186393445
300417.XSHE,-0.0006687600208175464
603950.XSHG,0.0015809704857177712
000878.XSHE,0.00627636319023574
301015.XSHE,0.0009620964736899414
600837.XSHG,0.0038712921705684584
600110.XSHG,0.0008646379936413453
603883.XSHG,0.0027809430292285485
000581.XSHE,0.00117368548747344
688021.XSHG,-0.00012519796227346898
002932.XSHE,-0.00011148746613263272
002033.XSHE,0.0003544243343746498
600736.XSHG,-0.00011964530779498989
688630.XSHG,0.00037065499443139166
300948.XSHE,-0.00035865444738404916
600938.XSHG,0.02445588241492595
301051.XSHE,-3.796424138855176e-05
000546.XSHE,0.0029442747269611074
300409.XSHE,0.0003745234911342444
300824.XSHE,0.001318278063980604
601811.XSHG,0.006252534400906343
002734.XSHE,0.00023914034544298627
600855.XSHG,0.0022905826967934127
300775.XSHE,0.005016654868467885
603331.XSHG,0.0005753412902737206
300142.XSHE,0.0011334363513233702
601717.XSHG,0.005691873892461327
688111.XSHG,0.004883001335183285
688271.XSHG,0.006186143426807643
001378.XSHE,-0.00021594036845719273
002868.XSHE,0.00045696400545830343
601699.XSHG,0.004145166096577201
603272.XSHG,-0.0004552518937269174
603051.XSHG,-0.00022248633496844912
002442.XSHE,0.0011309424546417607
301179.XSHE,-0.000170001571469245
300299.XSHE,0.00021336207078777412
002833.XSHE,0.0002675973705175115
002062.XSHE,0.00041344199914354087
002996.XSHE,0.0019427284405843402
601686.XSHG,0.004895358645437032
688622.XSHG,-0.00038974375580700825
688231.XSHG,0.0006386712511212685
600426.XSHG,0.0018949756613349414
000965.XSHE,0.0032428547966153157
002087.XSHE,0.0025756557123247197
002271.XSHE,0.000753436543977658
002857.XSHE,-3.305300713416892e-05
300131.XSHE,6.91222890509929e-05
000815.XSHE,0.0015288008501993875
300967.XSHE,0.00029597245816450626
301196.XSHE,-0.0002494343246828302
600664.XSHG,0.001998284978851574
002415.XSHE,0.0043727337440775515
300419.XSHE,-0.00027408000867029165
301049.XSHE,-0.0005554443439146216
688286.XSHG,-0.00019633781945163674
688737.XSHG,-0.00011233849412350667
300564.XSHE,-0.00018818721125981675
600629.XSHG,0.0005239875237457497
603977.XSHG,0.002325699971698886
600328.XSHG,0.0030021953336712625
000007.XSHE,-0.0006313197261664774
301239.XSHE,0.00044742057808854244
605377.XSHG,0.0006970236004307731
601515.XSHG,0.0038442836357522286
688016.XSHG,0.00044034940619565977
301163.XSHE,-0.000537761584677401
002686.XSHE,0.0001704797417035243
300082.XSHE,0.0002410239043380639
301322.XSHE,-0.00041697771703373346
603767.XSHG,0.0012823311260354636
300907.XSHE,0.00010475905004265671
002108.XSHE,0.00045542304834498014
300200.XSHE,0.00042880994929244136
301398.XSHE,-0.0004101254461845768
600456.XSHG,0.0014946234350982051
600506.XSHG,0.0003771419287998416
600621.XSHG,-0.0002561169565772542
002855.XSHE,0.0019982502714856157
002217.XSHE,0.005063769239117122
603153.XSHG,6.487496139786391e-05
002549.XSHE,0.0003137665963965182
002458.XSHE,0.00048738598978529307
002181.XSHE,0.0044936681984626345
002049.XSHE,0.0015645438210582718
300291.XSHE,0.0006015254834999873
300745.XSHE,0.00044823615754347867
603638.XSHG,0.0015461079327137523
600361.XSHG,0.0007111243252201163
000695.XSHE,4.539898154252975e-05
000966.XSHE,0.00302067372205072
002972.XSHE,9.012943606205462e-05
301283.XSHE,-0.0003244147235828827
603363.XSHG,0.005091351199030429
301022.XSHE,-0.0004655634666076583
603386.XSHG,0.001570198760141693
688578.XSHG,0.0018552166876488615
300303.XSHE,0.00033615332945077797
301456.XSHE,-0.00023289700181086312
300523.XSHE,0.000275809296776203
301223.XSHE,0.00043623362079826
688292.XSHG,0.0002080759926818194
300374.XSHE,0.00016799953902942326
002196.XSHE,0.0010553661496493162
000096.XSHE,0.0012481323992303483
600221.XSHG,0.10247033787738037
600705.XSHG,0.0008022225285930814
600843.XSHG,0.0010308791541318117
300762.XSHE,0.0011819203957068077
301370.XSHE,0.0002605655714655427
600686.XSHG,1.5821479885534152e-05
603983.XSHG,0.0035567993151719886
688227.XSHG,-0.00018020634594849145
603065.XSHG,-9.042091548615197e-05
002761.XSHE,0.0032014269938385157
688489.XSHG,-0.00037830310289507416
601890.XSHG,0.002967586800691999
300406.XSHE,0.0006554634641623405
605158.XSHG,0.00309406138623656
300148.XSHE,0.0006734093249740969
301062.XSHE,0.001764629127201229
300373.XSHE,0.0008693051359704288
688058.XSHG,-0.00035213268764133933
300911.XSHE,-0.00022995559203642997
603168.XSHG,5.163119742654235e-05
301199.XSHE,-0.0002214451003350723
000813.XSHE,0.004728354615410683
688393.XSHG,0.00013582208164751727
300797.XSHE,0.0018750383925277775
688234.XSHG,0.0025797409141933188
300597.XSHE,0.0019161917405391413
600578.XSHG,0.011140320856124718
002719.XSHE,0.00015931288591115931
300307.XSHE,0.0029514512704449606
000816.XSHE,0.0013099633316780931
600297.XSHG,0.012151046796534521
603707.XSHG,0.004106614650573088
002492.XSHE,0.000436207733105255
300084.XSHE,5.521734257466545e-06
300033.XSHE,0.0005451058675351306
300278.XSHE,0.0024211281073225903
601886.XSHG,0.003979292619245654
000557.XSHE,0.0013188564002958184
000997.XSHE,0.0007043195844867118
301252.XSHE,-0.000472226944486891
000078.XSHE,0.0008866762579453709
688357.XSHG,-4.3899439909335976e-05
300657.XSHE,0.0010002307545534418
000712.XSHE,0.0004289773143652021
000885.XSHE,0.0025800630004666
000510.XSHE,-0.0001965066028143909
001258.XSHE,0.004208040694349266
300300.XSHE,0.00028174251130965876
300863.XSHE,-0.0003828633871538832
301071.XSHE,-1.874523165085949e-05
300996.XSHE,-6.016259142687958e-06
688395.XSHG,-0.00045984836717895196
688526.XSHG,0.004158088922523108
688707.XSHG,0.0023907022170688314
688551.XSHG,-0.00014320527462894283
603161.XSHG,0.0004777431878138237
002520.XSHE,0.00016742930906648884
600251.XSHG,0.00042157794267992107
600526.XSHG,0.0012241603786079826
000534.XSHE,0.0007053398231205424
603115.XSHG,0.0013539518469230503
300555.XSHE,-8.416246877595364e-05
000036.XSHE,0.0010459593344819564
002134.XSHE,0.0012022518927959636
000868.XSHE,0.000901168106299245
600976.XSHG,0.00014817572914298835
002310.XSHE,5.575976601801015e-05
000959.XSHE,0.02564620196222011
000733.XSHE,0.0023401711333659314
603606.XSHG,0.0016293241704634668
605168.XSHG,0.00029181104422375525
301236.XSHE,0.0030395453783618742
688519.XSHG,0.000400120281190658
688137.XSHG,-0.0003807399815001002
601985.XSHG,0.12041162939818316
688607.XSHG,-0.0002175882226334348
301251.XSHE,-0.00023041458679694287
300917.XSHE,-5.0468294814493475e-05
002722.XSHE,0.0009218228559184261
000927.XSHE,0.02785048070344967
300230.XSHE,0.00019776195108383492
601139.XSHG,0.011295858477590529
603313.XSHG,0.0021661065836718943
600117.XSHG,0.0030861620432591497
002713.XSHE,0.0003729285113395408
000014.XSHE,-0.0005158514488259892
002353.XSHE,0.0007876947262131867
002913.XSHE,0.0008395206732755161
688509.XSHG,0.003174105933387911
605056.XSHG,0.000891078106712469
002138.XSHE,0.0009671641342211138
301291.XSHE,0.00027708853657808214
000551.XSHE,-0.00010802681234186944
600792.XSHG,0.0009509994714896934
300712.XSHE,0.0008409341356708671
000670.XSHE,0.0002264470582496898
603998.XSHG,0.00043496442271445505
002329.XSHE,0.0004353451764336065
301377.XSHE,0.000293776262636429
301517.XSHE,-0.0002861063728987911
600845.XSHG,0.001728086131299934
603985.XSHG,0.0007544176929639315
600527.XSHG,-5.6568015404925495e-05
300828.XSHE,9.424220446171147e-06
301326.XSHE,-0.000542881529078621
002900.XSHE,0.0004199336283491812
688244.XSHG,-0.00041538540388411473
001319.XSHE,-3.688374891098979e-05
000950.XSHE,0.0067176442149211426
300427.XSHE,0.00021263082244480248
600503.XSHG,0.004681449819428318
300961.XSHE,0.0003699071223058774
301273.XSHE,-0.0005020075775476482
002658.XSHE,0.00012022113705383475
603266.XSHG,0.0005342116652845212
000792.XSHE,0.0071941643730214205
688125.XSHG,-0.0005108369162138335
600011.XSHG,0.022276649538296056
002906.XSHE,0.004396654950405476
600336.XSHG,0.0018475650603712425
600998.XSHG,0.016439652836213417
300284.XSHE,0.0017751222021429344
600642.XSHG,0.00354133725140662
000656.XSHE,0.006785719117579508
600265.XSHG,-1.583931885168347e-05
600549.XSHG,0.0009321002942799281
002400.XSHE,0.0005573433670071255
003033.XSHE,-0.0005161479146544128
002277.XSHE,0.001665453397768467
301272.XSHE,-0.0005622402934663631
600396.XSHG,0.0015841853308695185
002911.XSHE,0.0043596535792090095
688205.XSHG,-7.768080820008693e-05
600025.XSHG,0.12041162939818316
001300.XSHE,0.00012373361260633697
300403.XSHE,0.00014071906919653997
600831.XSHG,0.0004899116933308473
300843.XSHE,0.0007143556779190991
000408.XSHE,0.0023778564406149046
600172.XSHG,0.0008552917771857619
300189.XSHE,0.0008119748803401466
600301.XSHG,0.0007097789370802581
002923.XSHE,0.00010737199128204916
688523.XSHG,1.4638164563836927e-05
603273.XSHG,3.239577895614433e-05
300130.XSHE,0.0002748767276085291
688256.XSHG,0.0028358873053706945
603589.XSHG,0.005040194248253101
002592.XSHE,0.00013522458409244084
002625.XSHE,0.0026319761523870243
002067.XSHE,0.0032128193709126604
600307.XSHG,0.014439896077521771
603108.XSHG,0.0007839991221862701
300884.XSHE,0.00012478142189299257
002946.XSHE,0.007945429068332501
002731.XSHE,0.0006696262454583667
603022.XSHG,-5.8778159638026104e-05
000935.XSHE,0.0027034692404493024
002931.XSHE,4.8920779708138155e-05
603158.XSHG,0.0005824928886956957
603198.XSHG,0.006607411139224369
688419.XSHG,-0.0005101356129879758
002552.XSHE,0.0005166203243417182
002750.XSHE,6.336082185152687e-05
002160.XSHE,0.0031392865528491122
300659.XSHE,4.06665370197097e-05
688126.XSHG,0.02731597741521877
000633.XSHE,-0.00017559323093881477
603800.XSHG,0.0013791046668920883
688665.XSHG,-0.0003275710820093601
300404.XSHE,-9.277017623824247e-05
600502.XSHG,0.0007533033875413649
301068.XSHE,-0.00039122637255825687
603320.XSHG,0.00011281599223151662
301139.XSHE,8.543386097990618e-05
600436.XSHG,0.0012155970253886982
603191.XSHG,0.0012608786228499183
600155.XSHG,0.00763649390691275
002443.XSHE,0.0006059267863195498
603324.XSHG,-0.00019284152756616672
600429.XSHG,0.009773044277731418
002011.XSHE,0.0011933164095546843
605020.XSHG,0.0008679328794468855
002929.XSHE,0.0016949035460582982
002430.XSHE,0.00413076765484441
001306.XSHE,-0.00036531197081364703
603659.XSHG,0.00491404610193137
300633.XSHE,0.0041163364678006315
600766.XSHG,-0.0001296528385293194
600220.XSHG,0.001393642344714811
300859.XSHE,0.0009081360203569843
600203.XSHG,0.0029536597380323756
600986.XSHG,0.001915641925246297
603699.XSHG,0.005465160982995192
600735.XSHG,2.7305605633044837e-05
002124.XSHE,0.0004926955073364741
600098.XSHG,0.005777979841314564
600719.XSHG,1.971612654972678e-05
688019.XSHG,0.00033894102072046716
002157.XSHE,0.00137501386606453
300376.XSHE,0.0007537018202651648
000402.XSHE,0.0005119944049566632
600365.XSHG,0.0006605564871461915
002484.XSHE,0.0014006612984008918
600624.XSHG,-0.00025554045102567445
603906.XSHG,0.002222519668901395
603280.XSHG,-0.0004862021940807173
603717.XSHG,0.0012354824699533614
300177.XSHE,-2.746439475085087e-05
688597.XSHG,0.0004392828890805344
002165.XSHE,0.00023643810381187875
600596.XSHG,0.0005792250858679818
002338.XSHE,0.00031325822457629497
600295.XSHG,0.002513457918188953
002880.XSHE,0.0006273237150990301
000599.XSHE,0.0006798547434070843
603527.XSHG,0.0004606812324981309
600811.XSHG,0.001916894327087402
300906.XSHE,-0.00014415301348441253
002320.XSHE,0.0013325884654159382
603893.XSHG,0.004030358534047509
688278.XSHG,0.003825050789352852
601628.XSHG,0.12041162939818316
301190.XSHE,8.503380073966369e-05
600674.XSHG,0.0022372072408493814
603000.XSHG,0.002597117823863115
603698.XSHG,0.0034864865527525755
688046.XSHG,0.0015819224091453538
688589.XSHG,0.00035304164863125007
688171.XSHG,-0.00034924507716665824
688788.XSHG,0.00011242621670109598
600636.XSHG,-0.0002736959722544513
300891.XSHE,0.0026369998245265704
301509.XSHE,-0.00029576825026255484
600006.XSHG,0.0050155102317535755
600797.XSHG,0.0003394806983846188
300041.XSHE,0.0001642237738873351
002014.XSHE,-8.358885725224787e-05
002774.XSHE,0.001700439332762336
002169.XSHE,0.000430597326932709
002284.XSHE,0.0006696359530686219
301380.XSHE,-0.00041987474017322597
600477.XSHG,0.00030606588225417765
300536.XSHE,0.0004165098447330782
301379.XSHE,-8.841897386550532e-05
600927.XSHG,0.005054805804008141
002922.XSHE,0.00100453593228463
000651.XSHE,0.0005592585866405601
000668.XSHE,-0.0004927691362426216
601860.XSHG,0.03020383980112031
002527.XSHE,0.0014149097044305913
002768.XSHE,3.47337700345163e-05
300399.XSHE,1.831060259342395e-05
301100.XSHE,-0.00017001417674532255
301306.XSHE,-0.00029950323313335177
600862.XSHG,0.0017798137954439235
300215.XSHE,-0.00026559227821350815
600531.XSHG,0.0005064703118491255
300963.XSHE,-0.00019354104569374684
600268.XSHG,0.00041144148959209106
688114.XSHG,0.0021516195537804334
603888.XSHG,0.0016637319363910674
600815.XSHG,0.0022036144701978013
002318.XSHE,0.0013866604410303744
301020.XSHE,4.920171554599032e-06
605218.XSHG,0.0015696719686754416
603309.XSHG,0.00042080544821071996
301033.XSHE,-0.0003580329049060528
300246.XSHE,-0.00035137231001411824
600518.XSHG,0.002762226047997969
600958.XSHG,0.0629610047949944
603583.XSHG,0.0008431282917433017
000912.XSHE,0.006323961864265999
600546.XSHG,0.0019567237493492186
600571.XSHG,-0.0001968645313894338
300901.XSHE,0.0015802371739809316
003020.XSHE,-0.00017860965945993114
000061.XSHE,0.00042963265180355584
300094.XSHE,0.003986998291423242
000910.XSHE,0.0015233755485910435
000972.XSHE,0.0016219901242660994
002120.XSHE,0.00433943540051044
301089.XSHE,0.0003159114005096523
301269.XSHE,0.0028049435133359977
001366.XSHE,-0.000380606925760392
300100.XSHE,0.000450512883625632
600585.XSHG,0.007383708812841184
002631.XSHE,0.0008960490596809311
603018.XSHG,0.0003609690502112859
002199.XSHE,9.750780003011132e-05
301093.XSHE,0.0003604813579477261
300876.XSHE,-0.00010876461966541871
002289.XSHE,0.0008554527802402163
002700.XSHE,-0.00012246783539651316
600062.XSHG,0.001031104411788441
603697.XSHG,0.0020487905605501844
300817.XSHE,-0.0002805918696761128
603317.XSHG,0.003989446099151283
002105.XSHE,0.0013246285493035484
300984.XSHE,-0.0006719846035661975
002615.XSHE,-0.00016406314143443187
002231.XSHE,0.0001618452137161138
300486.XSHE,0.0009859527482751762
688303.XSHG,0.004983633898718549
002788.XSHE,0.000557037955746024
600009.XSHG,0.006570836481856274
300452.XSHE,-0.00032622073602713784
000779.XSHE,0.0008719242601130663
688372.XSHG,0.00022968825580600352
301025.XSHE,0.0003940664662712999
603116.XSHG,0.0026020804864255393
001255.XSHE,-0.0005521169014367645
000967.XSHE,0.005623206914954073
301189.XSHE,-0.00027809523850442667
002309.XSHE,0.0015708887134300692
002385.XSHE,0.0031042836035289926
300921.XSHE,-0.0003379666280461461
301048.XSHE,0.0007847497511054041
301072.XSHE,-0.0004045173119923133
300051.XSHE,-4.409477809394003e-05
002973.XSHE,0.0014025765591543626
600962.XSHG,0.0006815589355287257
001316.XSHE,-0.00044619698524942897
300441.XSHE,0.00031765331292718665
688668.XSHG,-0.00011348884738846915
002480.XSHE,0.0012146150050284868
600926.XSHG,0.02293110933840228
003043.XSHE,-0.0003272666368854208
301123.XSHE,0.0002048096463027481
603283.XSHG,0.0014951033114417086
603690.XSHG,0.0028040196039243654
688689.XSHG,-0.00032326376290138834
601228.XSHG,0.060655019806185706
600525.XSHG,0.0005658951287408512
300091.XSHE,0.0002847154813222924
002456.XSHE,0.0015809791436433083
300124.XSHE,0.0012459996764094157
301550.XSHE,-0.0002615822089598722
603637.XSHG,0.00010928757829757802
688118.XSHG,0.0002284195279837883
688178.XSHG,-8.263818413538717e-05
000883.XSHE,0.011169297205258673
002115.XSHE,0.0007082015047966263
002573.XSHE,0.0008594165250892108
002696.XSHE,0.00014066284488470707
605268.XSHG,0.00011371338365671847
688789.XSHG,0.00016772949485279712
002809.XSHE,-0.0002963568613742228
300199.XSHE,0.0005580711912995938
300397.XSHE,0.0005853451957752974
002287.XSHE,0.0030282796040340967
603836.XSHG,9.306383864473363e-05
000710.XSHE,0.00027962450882737836
003004.XSHE,-0.0004685687670655319
000722.XSHE,0.00044673239853152693
603368.XSHG,0.0007701201180533949
603863.XSHG,0.0015934684081274713
603598.XSHG,0.0007419045209607488
600410.XSHG,0.00044822284800768243
002736.XSHE,0.07478055553907718
301096.XSHE,0.00022167140231035267
600198.XSHG,0.0044690493494676615
002283.XSHE,0.001863857763802638
688428.XSHG,0.002407278773192665
001298.XSHE,-0.00019171628853480372
600389.XSHG,0.0003846777952521943
000049.XSHE,-1.4254070600313955e-05
688533.XSHG,-5.647056668310716e-05
301286.XSHE,7.23745161049139e-05
000971.XSHE,0.0013943840868814099
600458.XSHG,0.0005374410412136131
688612.XSHG,0.00010016506867611697
300268.XSHE,-0.00014489990263249922
300304.XSHE,0.0004725874400678831
002238.XSHE,0.002075497312057518
002045.XSHE,0.0003514605342165414
688090.XSHG,-0.00017612167545757096
688169.XSHG,0.0007019623106278763
603117.XSHG,0.0034659541488220947
300641.XSHE,0.0019866345393677806
603408.XSHG,0.00048573489874583875
688308.XSHG,0.00020077168832976036
002560.XSHE,0.000434300608556213
300517.XSHE,-8.717544604542606e-05
600423.XSHG,0.001460251507199611
300640.XSHE,-9.20368302541149e-05
603708.XSHG,0.0028436110761648004
601991.XSHG,0.0449581365524907
301503.XSHE,-0.0005319564883507862
603173.XSHG,-0.0002443037980459193
002107.XSHE,7.863913554840424e-05
002548.XSHE,0.0008379274568853441
300687.XSHE,0.00034374869273101345
300665.XSHE,-0.0002360521231546982
300075.XSHE,0.0002881635524629428
603019.XSHG,0.003748455434545534
603130.XSHG,-0.00018417370808641224
301390.XSHE,-0.0006252713185637204
300197.XSHE,0.00019033013194001523
000056.XSHE,0.0013650241539324012
688330.XSHG,-7.447782557593692e-05
000796.XSHE,0.0012618443250224333
688616.XSHG,-0.0003088597350704346
688767.XSHG,-0.0003128303263161862
600012.XSHG,0.003991589377338291
300756.XSHE,-0.0004815691769775883
301141.XSHE,-0.0004046123435323728
603605.XSHG,0.0019969088067491422
002312.XSHE,0.00046666257612416255
600031.XSHG,0.001953551078225044
000659.XSHE,8.816076173492199e-05
603848.XSHG,0.003187222225512454
002382.XSHE,0.0009738753832524338
688283.XSHG,1.0345846606348648e-05
688198.XSHG,0.0007968437734199109
688559.XSHG,0.0015889600511581371
301391.XSHE,-0.00030785801905091237
600814.XSHG,0.0005654986951553296
001289.XSHE,0.001617826726088365
603129.XSHG,0.0011816863577039005
300629.XSHE,0.00024264618603463204
002612.XSHE,0.0006594820166525208
000698.XSHE,0.0018366162593483775
002303.XSHE,0.0004241127415421929
301122.XSHE,-0.00023239964998356436
600648.XSHG,0.0009423166570500677
603358.XSHG,0.0009762732127068379
688391.XSHG,-0.0003265532492552691
600318.XSHG,0.0009468162381419245
002748.XSHE,0.00034790960140036764
300088.XSHE,0.0011721939019349687
603217.XSHG,0.00023933705769880087
688321.XSHG,0.0037477427330267358
603712.XSHG,0.007481379279564533
605188.XSHG,0.004377366516041497
603223.XSHG,0.0009363247444408246
002624.XSHE,0.005164754891170176
301167.XSHE,-0.0003910873760552576
000537.XSHE,0.002552360167067583
300498.XSHE,0.026504633269743456
603868.XSHG,0.0034695458001338182
603062.XSHG,-0.00019347071376491127
002563.XSHE,0.002580103401770398
603085.XSHG,0.0007917242677599239
002106.XSHE,0.0014295623524519358
003031.XSHE,0.00031200231355881083
301077.XSHE,-0.0005702844660759876
002703.XSHE,0.0018709175729793382
000400.XSHE,0.0010988098414510818
300469.XSHE,0.00013786110517198676
000430.XSHE,-2.4529549400680245e-05
605338.XSHG,0.0018948183639084318
001299.XSHE,-0.00019248155030618342
601038.XSHG,0.005281603512277044
002273.XSHE,0.0007386986984316855
300344.XSHE,0.0007110972835953917
600299.XSHG,0.008370131770290761
000523.XSHE,0.001550177035835701
000062.XSHE,0.0010463313015748512
002110.XSHE,0.009555106213609445
002889.XSHE,0.00033216466170102863
300021.XSHE,7.887809227952701e-06
600769.XSHG,4.896093176767844e-06
000612.XSHE,0.0007016839173502306
600833.XSHG,-0.0005055454596623293
688560.XSHG,0.0005896685885333822
688282.XSHG,-0.0002570201977484893
600758.XSHG,0.004134109491058872
001896.XSHE,0.009084854692255818
002152.XSHE,0.0014189381947047632
001368.XSHE,-0.0004546818620319117
300666.XSHE,0.001837922715950927
603099.XSHG,0.0019748093587652216
000558.XSHE,0.0013770322418979449
300176.XSHE,9.699212003424194e-05
002608.XSHE,0.013791672985381
000987.XSHE,0.006173993794730259
301488.XSHE,-0.00024365447747678835
300222.XSHE,0.0004716473971310219
300267.XSHE,0.0009142794705039882
600421.XSHG,0.0001879448531273742
600589.XSHG,0.0009188430639529186
603818.XSHG,0.002163016865582954
300532.XSHE,-4.037404097087061e-05
002288.XSHE,0.00045848649948985554
300825.XSHE,0.0027053449736324825
600029.XSHG,0.07485147033267116
300725.XSHE,0.0002658362124001176
300868.XSHE,-0.00016552367529971295
603466.XSHG,0.000914382891485721
688170.XSHG,0.00014456621010937906
603949.XSHG,0.0008804325680406234
300732.XSHE,-4.8937791294516764e-05
301268.XSHE,0.0014736065227910085
000623.XSHE,0.0003471502239719272
000869.XSHE,0.0007583565068794442
001266.XSHE,-0.00046913857478198115
600558.XSHG,0.0005843106364634113
002669.XSHE,0.0006996936052854881
002263.XSHE,0.003586310132561488
688503.XSHG,-9.473232507363727e-05
002915.XSHE,0.000689600924551113
300623.XSHE,0.000593823854357323
300618.XSHE,0.0007951088883106026
605286.XSHG,-0.00013872592208085869
300345.XSHE,0.0004360853638516851
600707.XSHG,0.015624092951381072
688060.XSHG,-0.00013693533518104332
000066.XSHE,0.0027381576686824746
300214.XSHE,0.00047096620375933825
605033.XSHG,-0.00043210751913219664
300514.XSHE,3.3572524023505954e-05
000795.XSHE,0.0020741121046534603
301266.XSHE,-0.00020967916795022604
002876.XSHE,0.0002718211492557293
600248.XSHG,0.003390901633964355
002074.XSHE,0.002912425652662544
300424.XSHE,0.000620043091354164
300402.XSHE,0.0012959237889488516
002096.XSHE,0.000663374976113353
603138.XSHG,0.00033134139109391677
688082.XSHG,0.0008670090490317771
600536.XSHG,0.0009012413010802046
600039.XSHG,0.005404628637527879
000409.XSHE,0.0013778821926209504
002351.XSHE,0.0004603481347163806
002988.XSHE,0.0018692543612560224
300138.XSHE,0.0003945550580925357
002481.XSHE,8.260947473789383e-05
001339.XSHE,0.0002164489957844519
002727.XSHE,0.001582635134959595
002836.XSHE,-0.00015383130939850334
300947.XSHE,-0.00045627037453511537
002609.XSHE,0.0004001636430503018
000799.XSHE,0.0014227524079386592
002179.XSHE,0.0016916952720930903
301321.XSHE,-6.607169255172854e-05
002636.XSHE,0.0022331070330968883
300598.XSHE,0.00039261528323066155
002829.XSHE,6.683333350394264e-05
688309.XSHG,-8.406258227829772e-05
600728.XSHG,0.0013543600291374184
300839.XSHE,0.0002266410132988017
603766.XSHG,0.00617063226565643
601908.XSHG,0.005237697809226975
300244.XSHE,0.00031178624335930177
300282.XSHE,-0.00019645927413304695
300096.XSHE,1.895535604262309e-05
601208.XSHG,0.0026620719420905716
603031.XSHG,0.00024205301147967604
688536.XSHG,0.0006612380651554943
002984.XSHE,0.003947487073626696
603688.XSHG,0.0021975071880598993
601857.XSHG,0.12041162939818316
300329.XSHE,-0.00019201114898304548
300386.XSHE,-4.8550308020086936e-05
688670.XSHG,-0.000283473840688736
300749.XSHE,-1.9627079599427127e-05
301299.XSHE,-0.00030868325509925425
000525.XSHE,0.0001645193202121062
603393.XSHG,0.0010856931557005841
000156.XSHE,0.008136396561751675
000566.XSHE,0.0006738789806883837
600569.XSHG,0.009774446197791045
688161.XSHG,0.0005451556561426334
688306.XSHG,0.0040900466507439795
601658.XSHG,0.12041162939818316
605099.XSHG,0.003376349831076432
605196.XSHG,0.002556165935246441
600592.XSHG,0.0005665733741933913
301086.XSHE,-0.0004117391196356902
300849.XSHE,-7.91245108987509e-05
603056.XSHG,0.009006977473263114
603928.XSHG,0.0009668131066437566
300779.XSHE,0.0004666460399299564
688512.XSHG,0.00010548411426649349
603989.XSHG,0.0013581441571703587
000836.XSHE,0.0007008720910319392
300782.XSHE,0.0010814840551528434
301520.XSHE,-0.0004591310928650186
301128.XSHE,-0.0004185415873922073
300275.XSHE,-0.00011421644095125944
300678.XSHE,0.0006583921817511036
002939.XSHE,0.03276961111644843
688047.XSHG,0.002815629238116204
002805.XSHE,0.0004214102406847884
603041.XSHG,0.00043434341140837873
688350.XSHG,-0.0002367450426836292
300686.XSHE,0.0004889365272825305
600169.XSHG,0.0021026786439477547
300867.XSHE,0.0012749418006363323
603336.XSHG,0.0006093217716935372
002367.XSHE,0.00010840812433368012
301289.XSHE,-0.00042563266317311116
300830.XSHE,0.0024218183186444984
301066.XSHE,-0.00025415309671298855
000089.XSHE,0.0025356807061132102
002035.XSHE,-9.058547094454986e-05
600138.XSHG,0.0009207750325399547
605060.XSHG,0.00020185492058223036
300256.XSHE,0.003115372905516749
300746.XSHE,0.0012712951625276116
603536.XSHG,0.0004076799248798734
301188.XSHE,0.0008184202419815869
002850.XSHE,0.0009186324299140697
300240.XSHE,0.00023690515337814356
600885.XSHG,0.001798813359312597
600153.XSHG,0.0013908251570279562
002395.XSHE,0.00011355320027076814
300274.XSHE,0.0019548968299959142
688603.XSHG,-0.0004555728144418255
002140.XSHE,9.530215430253019e-05
002873.XSHE,-6.828895360030485e-05
000050.XSHE,0.0027198254877592474
300706.XSHE,-5.802632254279052e-06
603486.XSHG,0.003847758494420753
600567.XSHG,0.010296792456282202
000830.XSHE,0.0015169529273146006
002381.XSHE,-0.0001699382492785235
688439.XSHG,0.0007671179050815092
002825.XSHE,0.0001152556964550877
603569.XSHG,0.0033817962253778287
300707.XSHE,-6.753626262197342e-05
600123.XSHG,0.0009854663591279786
605287.XSHG,-0.00016856069042710947
688235.XSHG,0.0014058243962301125
301360.XSHE,-0.0005019544725022562
301186.XSHE,-0.0005102818698014021
000975.XSHE,0.002378418665242063
003027.XSHE,-0.0003559369555196737
300238.XSHE,1.149603786602092e-05
300962.XSHE,0.0005503798986958266
002513.XSHE,0.00011426063344850332
002387.XSHE,0.00365030815143976
600649.XSHG,0.0007406626042021866
300014.XSHE,0.0013349012662659096
300331.XSHE,0.00015464303558785264
600235.XSHG,0.0007608474934692072
600505.XSHG,0.0003554590107032651
605155.XSHG,-0.00048673492747845786
601952.XSHG,0.009086477357327215
603162.XSHG,4.8556627919282e-05
300348.XSHE,9.33346933681225e-05
600552.XSHG,0.0007766799615942604
002892.XSHE,0.00015566722209099703
301345.XSHE,-0.00028030831858071004
300432.XSHE,0.0012318493739484787
300231.XSHE,-0.00027048463674428976
301219.XSHE,0.00035639150263843035
688496.XSHG,0.0003884967737378174
688535.XSHG,-0.0002488846028095061
600602.XSHG,-0.00017090371336755505
603787.XSHG,0.001185630986843672
300102.XSHE,0.0012202257415458262
000509.XSHE,0.00034878613941406993
600157.XSHG,0.00434182053730362
688211.XSHG,6.152379869864126e-05
000807.XSHE,0.005030398725217004
003013.XSHE,0.0032012262341563113
300753.XSHE,-0.00029428279150615845
002544.XSHE,0.0008031257102237117
600422.XSHG,0.0004988328475381257
605277.XSHG,-9.517088199028343e-05
688297.XSHG,0.0018020807793049781
301280.XSHE,-0.0005167399363159648
603773.XSHG,0.0003897342913728441
300183.XSHE,0.0001876591029182147
000989.XSHE,0.0009753336417174863
600206.XSHG,0.0016585677415417496
000926.XSHE,0.0019412311717432323
605358.XSHG,0.004362503772474211
000333.XSHE,0.013716137592930125
600721.XSHG,0.0019348588548191352
600603.XSHG,-0.0003550318790307286
002468.XSHE,0.006378965859976681
002773.XSHE,0.003185082809247022
600370.XSHG,0.004877989267613624
601369.XSHG,0.007066710528811775
300473.XSHE,0.000688394327419726
301559.XSHE,0.0004997848256807142
600676.XSHG,0.00010920090474322473
688166.XSHG,0.003942401153301704
300072.XSHE,0.0007218061296312652
300057.XSHE,0.0022884377032429174
002501.XSHE,0.004154852778441831
688220.XSHG,0.002178892244563542
603057.XSHG,0.00027712179082535346
601616.XSHG,0.003718336540391839
300390.XSHE,0.0006713630756044237
605123.XSHG,0.0008725653904186762
001260.XSHE,-0.0004860272311221349
301258.XSHE,-0.000373491187961849
601066.XSHG,0.0358388402348778
001332.XSHE,-0.00047084826921749915
000833.XSHE,0.0015881380023974323
688229.XSHG,-0.00035599042143095273
000029.XSHE,0.003467265998161502
605016.XSHG,0.00015216075486919296
000953.XSHE,0.0005915720550777472
002955.XSHE,0.0005418391288495878
002267.XSHE,0.003385843907072773
002675.XSHE,0.0011857190240210213
301030.XSHE,0.0006063403872552654
603001.XSHG,0.001987245490213713
000626.XSHE,-0.00018959810531679258
301313.XSHE,-7.459281181461624e-05
301310.XSHE,-0.00035067371561121115
002785.XSHE,0.001178538305302573
603039.XSHG,0.00042328409820065064
301329.XSHE,-0.0002496178926236116
000877.XSHE,0.0025299714385102656
301448.XSHE,-0.00050706882755502
603389.XSHG,0.0012455817482237685
300773.XSHE,0.0032035452170818763
002390.XSHE,0.0013634462040258298
002335.XSHE,0.00040018987290182175
600210.XSHG,0.0012217079022895452
603586.XSHG,0.0009950803539217064
002281.XSHE,0.002136560557002073
300287.XSHE,0.0005486397393786438
301063.XSHE,-0.00035620857000910627
002738.XSHE,0.002164665977685847
300313.XSHE,0.0002756923437641308
000550.XSHE,0.0012946050795280743
301105.XSHE,-0.000742555262178022
600981.XSHG,0.003958064017370722
002512.XSHE,0.0010180130566766667
300489.XSHE,-0.0002865959862051601
300950.XSHE,-0.00036963018824048155
002688.XSHE,0.0006052121830911377
688718.XSHG,-0.00019004782984928298
601333.XSHG,0.041891600610936594
688568.XSHG,0.002255303209370845
300955.XSHE,-0.00037014687512225696
300611.XSHE,-6.879596253470132e-05
688525.XSHG,0.0003169610297254201
002042.XSHE,0.0017487626900101886
000006.XSHE,-0.00022519013934962407
002343.XSHE,0.0007988530263665671
605500.XSHG,-0.00020068629019132615
000826.XSHE,0.0011082128230935312
600821.XSHG,0.003877110803443184
600428.XSHG,0.00292805437587403
601116.XSHG,0.003983713212919139
002155.XSHE,0.004132867174807137
603496.XSHG,0.0008102040714915052
301365.XSHE,-0.0004417064920876345
600820.XSHG,0.0007735386525409341
603359.XSHG,0.0014897776486793594
603969.XSHG,0.0012271554277213477
603172.XSHG,-0.00046810457101605226
600857.XSHG,-0.0004325128994815241
600094.XSHG,0.005763951490007361
688159.XSHG,0.0002758966816779842
600892.XSHG,0.0002216753465991327
688251.XSHG,-0.0005353826397915817
002518.XSHE,0.000756603273747349
601801.XSHG,0.0075216780953757355
300731.XSHE,9.65232040133604e-05
300415.XSHE,0.0006134161577030642
600516.XSHG,0.0029095651664572935
300458.XSHE,0.0010102183763300975
002697.XSHE,0.0008936747594367681
000518.XSHE,0.0006104514057523693
603396.XSHG,0.0002652757317577203
688363.XSHG,0.001979322384892697
300896.XSHE,0.0010377954830288751
002776.XSHE,-5.042339169936691e-05
300123.XSHE,0.0012319477794977202
002496.XSHE,0.00011047559865466801
002575.XSHE,0.0006251846527542664
000528.XSHE,0.0006505492511218139
605589.XSHG,0.005796390971750885
300435.XSHE,0.000555758252825638
002402.XSHE,0.00036471494654134967
300894.XSHE,0.0008744683273311192
002475.XSHE,0.0023942954448778675
003002.XSHE,0.0011670313589148703
600113.XSHG,0.00018381611384635634
300667.XSHE,2.28531171952679e-05
603068.XSHG,0.0008900853780537066
003022.XSHE,0.002225516978546193
600787.XSHG,0.00034183598095861303
300991.XSHE,-0.00037299708493520527
600988.XSHG,0.0029273218734641006
301371.XSHE,0.00017387709137703982
002292.XSHE,0.0009238292386188215
603139.XSHG,0.00013409456088736994
300073.XSHE,0.0010271212324599662
600126.XSHG,0.005598516940201147
603626.XSHG,0.0020875126933404455
300210.XSHE,0.00030633892135403925
003005.XSHE,-5.59953614837908e-05
603398.XSHG,0.0005686443630648477
002590.XSHE,0.00047662220628848576
600066.XSHG,0.00036750407903609976
301130.XSHE,-0.00019523128406210948
300865.XSHE,-0.00015780940941690887
600970.XSHG,0.0011421698190478035
688079.XSHG,0.001159958654000246
002706.XSHE,0.0003973513011673654
300436.XSHE,7.085773698253719e-05
300902.XSHE,0.000251044011281689
002657.XSHE,0.00044944511386982484
300919.XSHE,0.002862930990019691
300006.XSHE,0.0004626941495653484
301003.XSHE,-0.00039794470503934327
600135.XSHG,0.0012881645781807184
001283.XSHE,-8.581605118351994e-05
688488.XSHG,0.003664254766836838
688653.XSHG,0.00010866743179721838
688699.XSHG,-0.00025794607696739264
300576.XSHE,0.00014694566275057458
301111.XSHE,0.00011095663050377858
002466.XSHE,0.0021001461854436225
603656.XSHG,0.00011961499225533387
300061.XSHE,0.00042508991177733215
688347.XSHG,0.0012762190388653164
002258.XSHE,0.0011243790047315398
300280.XSHE,0.0010765869421141406
300204.XSHE,6.915369296263971e-05
300347.XSHE,0.0006014327083735606
600478.XSHG,0.0012267963279391793
002214.XSHE,0.0004816508551412306
600112.XSHG,0.00032438155265125744
600323.XSHG,0.0018918583173226835
000601.XSHE,0.000358773423190275
002581.XSHE,0.0010569723117240895
300827.XSHE,0.0001941572510854431
600724.XSHG,0.00027651728322565484
002004.XSHE,0.0004706218093323217
301225.XSHE,-0.0004099409480443068
688313.XSHG,0.004043969391223889
603530.XSHG,0.0037250696239713305
300860.XSHE,-0.00021410176735632786
301369.XSHE,-0.0004499744158420566
603097.XSHG,-0.0002944459227409404
688183.XSHG,0.0025457748480660443
600119.XSHG,0.0002884638843106363
688291.XSHG,-0.00039512228539504416
600487.XSHG,0.0022805781869809924
002374.XSHE,0.0010136408649201562
600794.XSHG,-1.8756458355703308e-05
002371.XSHE,0.0014120950332528644
600353.XSHG,0.00030121437413459684
301383.XSHE,-0.0002889931748353918
002902.XSHE,0.0004288234335465156
688225.XSHG,0.0014328385045891405
300992.XSHE,-0.0004142556901842827
002156.XSHE,0.005389248424203015
603110.XSHG,0.00044474174432195164
601222.XSHG,0.0037450951979966307
600869.XSHG,0.0017109723361295199
300869.XSHE,0.0015719792023167294
605398.XSHG,-0.0004667250115994308
688041.XSHG,0.009102659196640942
600828.XSHG,0.0009326673912856117
603790.XSHG,0.0006437844281868532
605266.XSHG,-0.00011420155252798346
600089.XSHG,0.0011327902783783961
300838.XSHE,0.0001769414528561415
600775.XSHG,0.004322711377162639
603214.XSHG,0.00014762671752924694
603123.XSHG,0.005189708614885861
603701.XSHG,9.097091438671262e-05
605599.XSHG,0.005109800657487112
300318.XSHE,0.0006869922120202829
002541.XSHE,0.0009785033328541732
300668.XSHE,-0.00044818176234994475
002967.XSHE,0.00274373473579441
300159.XSHE,0.0001701175313297867
603017.XSHG,-0.00018261359215256026
001326.XSHE,-0.0004491719214945885
000715.XSHE,9.982798251212247e-05
002373.XSHE,0.003170494086613254
002600.XSHE,0.015909458145228993
003007.XSHE,-0.0001312597884059885
301338.XSHE,-0.0003538744127810424
300260.XSHE,0.00022464652958204402
301260.XSHE,0.000801187842671833
600992.XSHG,0.0009014825261165314
300031.XSHE,5.5726741249724065e-05
000828.XSHE,0.0022819244237110717
600784.XSHG,0.0001584376969629165
002507.XSHE,0.0013588942354110082
601166.XSHG,0.04115714225253961
600184.XSHG,0.001046852646608859
002963.XSHE,0.00042018133451950817
688772.XSHG,0.007448632651264965
000591.XSHE,0.002337201923682089
000906.XSHE,0.0007530660053176685
001218.XSHE,-0.00022798936556954203
601988.XSHG,0.12041162939818316
002230.XSHE,0.001868898397280489
688013.XSHG,-7.726501922519758e-05
301237.XSHE,-0.000415455893249011
603686.XSHG,0.0007044164782029776
000776.XSHE,0.009906092998638105
605169.XSHG,-0.00032831751784818264
600754.XSHG,0.0028656840860910968
688613.XSHG,0.00033033058155965025
601368.XSHG,0.007249478407107391
000679.XSHE,-0.00022385368247728615
600460.XSHG,0.0009543652919795896
300800.XSHE,-0.00015763223811796718
600830.XSHG,-0.00030580217990970436
603966.XSHG,0.0007757658143206505
001208.XSHE,0.001868407932526106
002990.XSHE,0.00021032312398063544
603315.XSHG,0.0008189488601262976
002280.XSHE,0.0009474927657936288
002611.XSHE,0.0009507471288235231
002465.XSHE,0.003237784688164168
000561.XSHE,0.0017994613348600854
002149.XSHE,0.001040384986611252
300594.XSHE,3.187434290468434e-05
301028.XSHE,0.0003992911294846273
301019.XSHE,-0.00038303973200724654
000524.XSHE,0.0008250474763375608
002926.XSHE,0.024936956827835425
300465.XSHE,0.0007945054845962398
300758.XSHE,0.000340738596029218
301211.XSHE,0.00013573708440810884
603009.XSHG,0.0006921039557489352
600350.XSHG,0.016970694874166848
603137.XSHG,-0.00045008172044643614
600390.XSHG,0.006759168267341618
688680.XSHG,-1.8244134907289275e-05
002775.XSHE,0.0001707061420422242
300209.XSHE,0.00033197359349644204
000690.XSHE,9.566025516287224e-05
688408.XSHG,0.0009577741771434681
300487.XSHE,0.00044717490575241166
603730.XSHG,0.0033358394772715805
688071.XSHG,-9.747568273588809e-05
301309.XSHE,-0.0005034018260542301
603779.XSHG,0.0015714858443363067
300987.XSHE,3.4929054239786115e-05
600070.XSHG,-0.00044903373502889836
601022.XSHG,0.0010243901053592903
601127.XSHG,0.01480589917219128
688277.XSHG,0.002901477806539885
000923.XSHE,0.003284115437876682
600507.XSHG,0.0005766742238040355
600243.XSHG,0.001907959680547423
003019.XSHE,0.0005289639248210453
300750.XSHE,0.021685091124578646
688333.XSHG,0.0006227673361592631
002204.XSHE,0.003562104514257178
600835.XSHG,0.001038559071208396
300496.XSHE,0.0009591610038069625
600036.XSHG,0.03647050959245061
301288.XSHE,-0.00035314577328661266
002031.XSHE,0.000903144468647962
000063.XSHE,0.0025846872490535005
002870.XSHE,0.00046444866294552596
002667.XSHE,-3.802178429680736e-05
301279.XSHE,-0.0004895456348547522
300206.XSHE,2.593097709418081e-05
603648.XSHG,0.0025152045582424952
603290.XSHG,0.0016483956138261485
301102.XSHE,-4.282796417188502e-05
601077.XSHG,0.06974201390174985
002983.XSHE,0.0002565041050553745
301024.XSHE,-0.000742858124870078
688623.XSHG,-0.00047345953751689663
301090.XSHE,0.0019746794662365546
002839.XSHE,0.014128701816537054
002180.XSHE,0.002746319353573484
603909.XSHG,0.00029043681494300277
300743.XSHE,-0.00024036724993423478
300560.XSHE,3.926622888699696e-05
002679.XSHE,0.0005938757651939353
688045.XSHG,-0.0003469361013240959
688307.XSHG,-0.0005338056791265679
688233.XSHG,0.001057479048790613
300251.XSHE,0.0009389412463493009
301180.XSHE,0.00011554754760254672
002858.XSHE,-2.800090192549916e-05
300182.XSHE,0.000474017058025082
300606.XSHE,0.00016194195100413566
688778.XSHG,0.0007563584740445138
301314.XSHE,-0.0006751584548118721
301558.XSHE,0.0007887795352865112
600822.XSHG,0.0009073406386213214
600207.XSHG,0.0062094981378276294
600768.XSHG,-0.000528603381815216
600879.XSHG,0.0006615681224776194
603113.XSHG,0.007134590724294381
688459.XSHG,0.0005467609668153088
688468.XSHG,0.00203472403800162
603955.XSHG,0.0001809213329702769
688697.XSHG,0.0003046584149729576
600925.XSHG,0.006712644226433586
002708.XSHE,0.0007220488085968416
603270.XSHG,4.10794642776715e-06
002103.XSHE,0.0009918247647862693
300941.XSHE,-2.374247762681038e-05
001367.XSHE,-0.000529918795727877
688249.XSHG,0.0037571882577379597
002820.XSHE,0.0003319503254479081
002521.XSHE,0.0005010951320244629
600561.XSHG,0.0001455924387816517
688582.XSHG,0.0002278824933394347
600654.XSHG,-0.0004748897877314761
002733.XSHE,0.0010002704680000503
600234.XSHG,1.537036883327112e-05
300343.XSHE,0.00034180762050382775
300698.XSHE,0.0006694312337021488
000925.XSHE,0.0010187285896352974
000793.XSHE,0.0009222162583059587
002942.XSHE,0.00025328339194897716
002551.XSHE,7.961478958276786e-05
600201.XSHG,0.00038090411202262506
002393.XSHE,0.0009474581172169838
300485.XSHE,0.00011401539673368331
600095.XSHG,0.008178313451911352
002864.XSHE,4.0496998282902414e-05
600106.XSHG,0.001175199578832164
603282.XSHG,-0.00033543737587377786
688617.XSHG,0.0003347052647082525
002406.XSHE,0.0009462217567316046
600657.XSHG,0.0013762074257799902
600193.XSHG,-0.00018111209107709843
002907.XSHE,0.00258517268246718
002971.XSHE,0.0006174548731279686
300522.XSHE,-0.00015347393274334854
603226.XSHG,3.646834650270457e-05
688248.XSHG,0.0005704763283561811
688186.XSHG,0.0014355768573622468
601528.XSHG,0.0054649150855491085
600876.XSHG,0.0022891683086646688
688314.XSHG,-0.0004954922255647102
688638.XSHG,-0.0006856320011444753
601399.XSHG,0.07199959213374262
001225.XSHE,-0.0006050117944900632
002728.XSHE,0.000162964014068255
301363.XSHE,0.0008594006824731296
600053.XSHG,0.0014802709334618951
600939.XSHG,0.017217940440718622
002123.XSHE,0.0006432863371508999
688528.XSHG,-0.00021263183956958065
300172.XSHE,7.707666853169726e-05
603517.XSHG,0.0040844817698747005
300983.XSHE,-0.0004507595653583186
600557.XSHG,0.0003135048842541376
000017.XSHE,0.00021398583284613817
688609.XSHG,0.0027450877943387365
600030.XSHG,0.018332734755062606
600277.XSHG,0.0060146223262360875
002488.XSHE,0.0010653009065801078
300584.XSHE,-0.00017133274943978145
688639.XSHG,0.0004972716391326425
002190.XSHE,0.0008879889904599792
002596.XSHE,0.0014252577433457162
002664.XSHE,0.0008332027703849107
002485.XSHE,0.0010953294325069807
000751.XSHE,0.0035406823796482753
300371.XSHE,-0.00048516099812970334
300810.XSHE,-2.4307536880598785e-05
603182.XSHG,0.00013366614016515927
300582.XSHE,0.000285078560433714
603587.XSHG,0.0025578938486815464
002933.XSHE,0.00041071530232568226
002171.XSHE,0.0020377817815338643
300881.XSHE,-0.00021042386232333085
002357.XSHE,-6.930176720544438e-05
600250.XSHG,0.00023843952250770465
300730.XSHE,7.811110057109817e-05
605009.XSHG,0.00045875465939812857
002556.XSHE,0.0011023401523648385
300237.XSHE,0.00012419783654508065
600637.XSHG,0.006107451893491813
688628.XSHG,-0.0001619781833727533
603968.XSHG,0.00011400678155277057
600287.XSHG,8.607126040023584e-05
000963.XSHE,0.0015957474781380105
603658.XSHG,0.004076657890386578
688386.XSHG,-4.458746053792606e-05
600398.XSHG,0.004227818136236399
603233.XSHG,0.003887638022253581
002838.XSHE,0.0002601000375587906
300054.XSHE,0.00045415192067828634
300279.XSHE,4.469601283576467e-05
600692.XSHG,-0.000620066250792632
601128.XSHG,0.021800640526995443
600230.XSHG,0.0013266127384698439
000005.XSHE,0.00010756502546478903
002877.XSHE,7.474575436501119e-05
600496.XSHG,0.00148948785979401
600463.XSHG,0.00031595130463542547
603501.XSHG,0.00920432504713337
601236.XSHG,0.040874085412069376
301187.XSHE,-0.00022671399575268422
301200.XSHE,0.00016708592624102719
300358.XSHE,0.0005208607898618074
300643.XSHE,0.0015096717201737453
688606.XSHG,-0.0002993230424410322
300879.XSHE,0.0008461131178190153
603881.XSHG,0.0019409329181175321
300482.XSHE,0.00040138794761804784
600078.XSHG,0.0004335339467997412
002247.XSHE,0.00014503608534092982
603797.XSHG,0.002019410908619434
000425.XSHE,0.0019398341243019792
601939.XSHG,0.0433626886219155
300628.XSHE,0.00045936137946097944
600108.XSHG,0.0014759044099212
002026.XSHE,0.0005176952192427473
600530.XSHG,0.0003570535007632183
600415.XSHG,0.0013750350707318214
301023.XSHE,-0.0006512304599732479
002487.XSHE,0.001143452043003724
002574.XSHE,0.0015587577518059255
000158.XSHE,0.0051336128709086595
300561.XSHE,-0.0003100106852231458
600817.XSHG,0.0005563527967151078
300684.XSHE,3.537949702561347e-05
300020.XSHE,0.0006499338224894072
603819.XSHG,0.0004055667313634779
688193.XSHG,-0.0005557865758326658
002712.XSHE,0.0004082454437176723
603650.XSHG,0.005529469880108244
605255.XSHG,0.0004415726535000579
300058.XSHE,0.001036396500909597
002340.XSHE,0.0020699122480356542
605018.XSHG,0.003916295359913969
688401.XSHG,0.00024580323653188485
600556.XSHG,0.004452106043243253
002098.XSHE,0.0007484695295758546
300596.XSHE,0.0009110220350780451
301207.XSHE,0.0007594696441090873
002445.XSHE,0.002761578564551834
300662.XSHE,0.0014210512751249111
600604.XSHG,-0.00011690514228946644
605178.XSHG,-0.00038077840400431575
600933.XSHG,0.007896273286604036
603215.XSHG,-2.3023151834082036e-05
688011.XSHG,0.0002066658451372773
600188.XSHG,0.0072897631989438695
601877.XSHG,0.01144386243495045
000030.XSHE,0.003941090167455585
002197.XSHE,0.0008205769905188225
688611.XSHG,-0.0006333905643168797
689009.XSHG,0.005152929610212236
300697.XSHE,7.985466229966983e-05
002401.XSHE,3.122343099829151e-05
600678.XSHG,-1.2318248145801527e-05
603559.XSHG,-3.87350859390672e-05
688553.XSHG,0.002353243572184012
600276.XSHG,0.0012880423459281358
002629.XSHE,8.856635099051464e-05
002268.XSHE,0.0008428145528393053
000598.XSHE,0.0007894712022384963
688009.XSHG,0.07548420310424883
600643.XSHG,0.0013721341791871188
600760.XSHG,0.003094383886841003
000620.XSHE,0.005096741255430836
600763.XSHG,0.0012676920475024243
600399.XSHG,0.005570241839628513
300981.XSHE,-2.243568014395278e-05
002315.XSHE,0.00018003103055975637
603156.XSHG,0.0037413428794420417
600590.XSHG,0.0013699894686003407
000829.XSHE,0.00031819090512326837
301040.XSHE,-0.00016917647253251783
603980.XSHG,0.003473590037356004
301349.XSHE,-0.0003110230953053976
002025.XSHE,0.0005893764213407437
600750.XSHG,6.328025445676515e-05
000961.XSHE,0.005550140090282887
301308.XSHE,0.0011560300050648287
300787.XSHE,-0.00013420340311427043
688112.XSHG,-0.00019687055681275842
001213.XSHE,0.010135503337839476
688335.XSHG,-0.0003609146153382939
688693.XSHG,-0.0004947868774444554
300366.XSHE,0.00046448755400239916
002003.XSHE,5.456417001213892e-05
605098.XSHG,-0.0003272149736197959
001330.XSHE,0.010207024815382057
603758.XSHG,0.003061083474381836
600598.XSHG,0.0063841755696559446
688539.XSHG,-0.00023658026909929755
600493.XSHG,0.00015563045753105864
688323.XSHG,0.00031747786079201767
688027.XSHG,0.0004611659729035071
002845.XSHE,0.0002598081528261707
300472.XSHE,0.00027677285562910056
603235.XSHG,0.00011313929482701588
600671.XSHG,-0.0005477088425332394
688293.XSHG,5.003956020331764e-05
000615.XSHE,8.067523946378094e-05
002681.XSHE,0.0009051202784149334
603318.XSHG,0.0005986933021005064
300856.XSHE,0.0007107187536233379
688369.XSHG,0.00014509808271105944
688037.XSHG,0.0007730881997901249
300759.XSHE,0.006370534111008115
603890.XSHG,0.0008884489085989278
600615.XSHG,-0.0008136455822227388
000901.XSHE,0.0007857847830517085
688585.XSHG,0.0033063297555341914
300019.XSHE,-4.135169042776446e-05
002818.XSHE,0.0009181573745341302
002249.XSHE,0.0010669052459492368
600734.XSHG,0.0017280183605473402
002771.XSHE,7.47360576612608e-05
603421.XSHG,0.00391015735953654
300878.XSHE,-0.00016685000148085072
600004.XSHG,0.008942908952002636
603611.XSHG,0.00021191381287955597
300352.XSHE,0.00019065140384782493
603102.XSHG,-0.00041913754349024633
300378.XSHE,0.0006342765078825712
300789.XSHE,-0.00047768175316977626
603518.XSHG,0.0016469280433263041
002998.XSHE,0.0007254121905310533
601179.XSHG,0.044516211118783476
002546.XSHE,0.00012885156538471705
000563.XSHE,0.002646303453078984
300814.XSHE,1.5014822079276657e-06
300063.XSHE,0.0002558635622118659
002111.XSHE,0.00034837606605722324
605305.XSHG,0.00015953778331762524
002069.XSHE,0.000364229691512603
300308.XSHE,0.0018409545801105144
002079.XSHE,0.001227560028733001
002170.XSHE,0.0003031256637431168
001333.XSHE,-0.0004144402979500176
002740.XSHE,0.00018326318558016725
300253.XSHE,0.0003184788643313624
002916.XSHE,0.002916960247798249
002606.XSHE,0.0003044950217995976
002528.XSHE,0.001283836763656472
002691.XSHE,0.0011464140902430644
600850.XSHG,0.00042279711015306856
688121.XSHG,0.0008407159279181122
600563.XSHG,0.0006396239015662416
300617.XSHE,-5.307271238303411e-05
603590.XSHG,0.0010060990196678133
603163.XSHG,-0.000399855501622689
002119.XSHE,0.00044494266089673223
300553.XSHE,-0.00027490061436139565
688662.XSHG,-0.00016807467504425177
601098.XSHG,0.011397912219669928
001338.XSHE,0.0018631672667116434
000909.XSHE,0.0010701292469922432
300265.XSHE,0.0007810548478249154
300483.XSHE,0.0007632941268981359
301317.XSHE,-0.0003060219407852817
001309.XSHE,0.00011135712360854286
300690.XSHE,-0.0003325917857084509
002878.XSHE,-2.296182630932397e-05
600185.XSHG,0.0023361431885218224
300440.XSHE,0.0003628081524146631
601992.XSHG,0.03349352180537749
002993.XSHE,0.0014514942832852414
002595.XSHE,0.000990578708755683
600653.XSHG,-0.0006409976327471796
300556.XSHE,0.0002557452939600907
603528.XSHG,0.0016706220266673373
002451.XSHE,0.0007156813614591301
301528.XSHE,-0.0004320111429615543
300837.XSHE,-5.187561502197839e-05
002296.XSHE,-1.8690495024567912e-05
300097.XSHE,4.2959493491540783e-05
300512.XSHE,0.0002963318699298927
002753.XSHE,-5.697909690782321e-05
600803.XSHG,0.004259563931111444
300118.XSHE,0.0025114138339765693
300557.XSHE,-9.588393802580574e-05
301518.XSHE,-0.0003510082431147426
603122.XSHG,0.0010561128874001522
688403.XSHG,0.0038657066674227243
688619.XSHG,0.00012527733604450898
000501.XSHE,0.00046396919739750416
000919.XSHE,0.0006993357675928255
002300.XSHE,0.00041506214942492903
688200.XSHG,0.0004060858147979555
301041.XSHE,-0.0001192889546332075
000720.XSHE,0.0011829746116977596
300258.XSHE,0.0005501082356451175
300580.XSHE,0.001652473316290251
002952.XSHE,-0.0002022234511649117
002276.XSHE,0.0023364269783127567
301372.XSHE,-0.0005182201662905873
600379.XSHG,0.0004828776415981437
601137.XSHG,0.0031116537881747683
301039.XSHE,0.006606329857591067
603825.XSHG,0.0009799860378754948
601921.XSHG,0.0037356923320287587
688184.XSHG,-0.0001807371329394799
603608.XSHG,0.0018025542403027834
000629.XSHE,0.01098138050175709
300042.XSHE,0.00012644833785352769
002030.XSHE,0.00023901217167841135
601718.XSHG,0.03870675837712158
300656.XSHE,-0.00014424901721725382
600901.XSHG,0.022907194683763666
002063.XSHE,0.0006639055560062763
603337.XSHG,0.001670290996611398
300888.XSHE,0.0011625556877822424
002739.XSHE,0.006874027926273267
300379.XSHE,0.00031948426668103574
600335.XSHG,0.00237567843205772
300078.XSHE,3.1761931880483745e-05
002799.XSHE,0.0005765782423864948
605598.XSHG,4.4392244798692416e-05
300115.XSHE,0.000729891644005664
002328.XSHE,0.001269824512596946
000027.XSHE,0.001973987143472979
688260.XSHG,2.8601310152995252e-05
300720.XSHE,-0.0001635158474709616
002325.XSHE,0.0008923883016370306
003021.XSHE,8.382203210316463e-05
000519.XSHE,0.0015709451593211947
000584.XSHE,0.0008422068441516574
001228.XSHE,-0.0001289161150320791
300937.XSHE,-0.0002672171221251428
000565.XSHE,-0.00019450779492687564
600131.XSHG,0.0020485249866078153
301330.XSHE,1.512839059602568e-07
301148.XSHE,-0.00038099575016165677
603050.XSHG,0.0005910497593844044
300518.XSHE,0.0003005192534899264
300247.XSHE,0.000548096920463396
002474.XSHE,0.0002378326129746256
600400.XSHG,0.001277112201658054
603011.XSHG,0.001680282067538356
300476.XSHE,0.0015455160079565068
603316.XSHG,0.001099053291620555
000037.XSHE,2.06679869151254e-05
300003.XSHE,0.0035777834468259293
000338.XSHE,0.002663525676340406
000709.XSHE,0.008980331913000041
300306.XSHE,-0.00034429170545118617
300748.XSHE,0.004203275540399472
603132.XSHG,0.0012033790163651734
001215.XSHE,-0.00010827751402791506
688600.XSHG,0.0005693790998135643
603838.XSHG,0.000761848717163313
605366.XSHG,0.0026015372116959144
300394.XSHE,0.0006899370330372384
600696.XSHG,0.0005801483671862912
300034.XSHE,0.0009855413053771382
603588.XSHG,0.0020351820007473553
002051.XSHE,0.001907590934455816
301295.XSHE,-0.0006099794244224703
002772.XSHE,0.0010335604406717007
600367.XSHG,6.079952455494565e-05
002583.XSHE,0.0019480738942865105
002617.XSHE,0.0021319550729554434
600327.XSHG,-6.44537097901106e-05
688361.XSHG,0.0005490300710205329
603682.XSHG,0.0033583755615931134
605089.XSHG,-0.0002817629794497113
600968.XSHG,0.09416296006037404
601225.XSHG,0.06287278037937587
601828.XSHG,0.029582231561119
000725.XSHE,0.07048140142601064
688450.XSHG,-0.0006174931070309389
300718.XSHE,3.6431090644408934e-05
300841.XSHE,0.0001852982678879349
603948.XSHG,0.0007772920100398423
688776.XSHG,-8.390863739978443e-05
603377.XSHG,0.003439742440209348
000025.XSHE,0.0009699441753374012
300960.XSHE,-0.0005565424043415029
605577.XSHG,0.0014541954304772501
603508.XSHG,0.0012152911832369426
300893.XSHE,1.4963989254100402e-06
002493.XSHE,0.006482609787481327
300434.XSHE,0.00035816081355218303
002515.XSHE,0.0003280342660256626
000821.XSHE,0.00199386732015274
002097.XSHE,0.0017369345250116339
603079.XSHG,5.0761630563472175e-05
002822.XSHE,0.002485155991894289
688522.XSHG,-4.847536689303101e-05
300520.XSHE,0.0004903950625163761
601928.XSHG,0.017269023976639857
301498.XSHE,0.00017989354123555917
600577.XSHG,0.0003988673947522688
000917.XSHE,0.0013853129539309994
600795.XSHG,0.0008519007546926649
001324.XSHE,-0.00031509593952785703
300563.XSHE,-0.00012082680512988647
300491.XSHE,0.00023025701534751274
603166.XSHG,0.0036900073714962647
002969.XSHE,0.004602697972298364
301192.XSHE,-0.00031026497385120463
002453.XSHE,0.0011109579453134188
002075.XSHE,0.0070305006703983795
600097.XSHG,0.0007736831185964227
301262.XSHE,0.00015906937837409108
600764.XSHG,0.0006224042608815015
000039.XSHE,0.0005195521007364981
300677.XSHE,0.0005651661371463464
002882.XSHE,0.0017093812509919684
688053.XSHG,-0.00010827257461747298
002029.XSHE,0.0001326946116094543
002365.XSHE,5.508144038650353e-06
300494.XSHE,0.0006372317524124898
002455.XSHE,0.00017834289765863455
300631.XSHE,7.038709271981174e-05
300585.XSHE,5.837996542970927e-05
300320.XSHE,-1.266425918572487e-05
603126.XSHG,0.0031225258226255537
601360.XSHG,0.03499807137237881
301052.XSHE,-9.87844264674502e-05
600376.XSHG,0.0020684079511893356
300269.XSHE,0.00047762928829208305
300346.XSHE,0.0002405572619193493
002796.XSHE,0.0003078771438525937
688329.XSHG,-0.00038716654688760723
600990.XSHG,4.077342331347436e-05
600499.XSHG,0.0004546857138219484
601200.XSHG,0.0079169492930297
688006.XSHG,0.0039728619098485475
600177.XSHG,0.0009647725218264175
301233.XSHE,-0.0006270253374446084
603200.XSHG,1.8837227752304818e-05
003036.XSHE,-0.00019168971791232647
688261.XSHG,-5.081291663845569e-06
301282.XSHE,7.98006806929176e-05
601138.XSHG,0.12041162939818316
688138.XSHG,0.002110585797034089
300571.XSHE,-0.00017997006100531826
000635.XSHE,-8.612727756719739e-05
000573.XSHE,-3.682031523768027e-05
300011.XSHE,-2.8393251540613572e-05
600228.XSHG,0.0007122702383870527
688683.XSHG,-1.381800682327542e-05
300236.XSHE,0.000769047116884229
600084.XSHG,0.001180990921282682
688618.XSHG,-0.00043622460493027235
600982.XSHG,0.001892863897650475
300861.XSHE,0.0020648640144313966
600594.XSHG,-0.0001118785533728123
300783.XSHE,0.002289215292224568
601607.XSHG,0.015201269201373808
688109.XSHG,-0.0005630517674627598
002564.XSHE,0.001938708562775594
000595.XSHE,0.0016848139465417352
002646.XSHE,0.003846490406688017
605303.XSHG,-0.0001849756536517809
300271.XSHE,0.00047746607358326964
688348.XSHG,0.00013446861876219881
688571.XSHG,0.0010437059822980045
603333.XSHG,0.003338416109768043
002254.XSHE,0.0010430246831928092
301193.XSHE,-0.00010444162560241258
688400.XSHG,0.0020654568163056327
000791.XSHE,0.0037058032360756154
002461.XSHE,0.009939370242386787
600490.XSHG,0.0009297224838232042
603296.XSHG,0.0007439724880591396
605001.XSHG,0.0022236189876176466
600963.XSHG,0.0034920368288870354
600508.XSHG,0.0016104394398870738
300201.XSHE,0.00040543397059632463
301216.XSHE,0.0014076832047602455
002396.XSHE,0.001445882074624263
300380.XSHE,-9.711047613491402e-05
688105.XSHG,0.001357996836945532
002489.XSHE,0.0010784299394590168
603786.XSHG,0.0038700376213707103
300922.XSHE,-0.00012691389127800483
300454.XSHE,0.002739200447366663
688059.XSHG,-0.0002988389737475694
600587.XSHG,0.00048358764074828093
688147.XSHG,0.00022006001886885597
301319.XSHE,-0.00041602724765407717
600073.XSHG,0.0023485676881953134
000011.XSHE,0.0006658594420381995
002212.XSHE,0.0032584194163455863
300675.XSHE,0.0006154161449357539
301325.XSHE,-0.0001113844110515389
301118.XSHE,-0.0002619596483185352
002058.XSHE,-0.0002877255864380591
600712.XSHG,6.22082136823186e-05
002203.XSHE,0.004927474464500148
002189.XSHE,0.0019008663978750077
300716.XSHE,0.00019632397690718967
600586.XSHG,0.000687568873641553
000898.XSHE,0.02396271531220549
600745.XSHG,0.005401519867499041
688521.XSHG,0.004813812031971309
603063.XSHG,0.003983245296586431
605003.XSHG,1.3969032919962506e-05
301037.XSHE,-0.0005837152826882715
300997.XSHE,0.00037025989771635997
002314.XSHE,0.005209871958000673
300226.XSHE,-2.211237062306275e-05
600133.XSHG,0.001962992947341864
603778.XSHG,0.00035833338747962083
603808.XSHG,0.0009867154856264518
601099.XSHG,0.02380938990663556
002732.XSHE,0.0007167481382792129
002673.XSHE,0.015778799851776448
000034.XSHE,0.0015978652644317143
301011.XSHE,-0.00025261881344312853
002482.XSHE,0.001133906555814023
002849.XSHE,0.0002783295125297463
600673.XSHG,0.001983508714767093
600710.XSHG,0.0013561729000504102
002137.XSHE,0.0006353035873544848
600448.XSHG,0.0020484387443968754
601117.XSHG,0.0488401062956115
002622.XSHE,0.0007072063490261101
688067.XSHG,-0.0004977170969154448
002036.XSHE,0.0011512677255507888
301278.XSHE,-0.00036483746222150176
600961.XSHG,0.004141984554894312
603025.XSHG,0.0036324272946585455
003018.XSHE,0.0005161650810424495
600302.XSHG,0.00030154071642246344
688426.XSHG,-0.0003773997389587181
603367.XSHG,0.0035750176008440913
601512.XSHG,0.013121378055695299
688690.XSHG,0.0017454011426191872
301092.XSHE,-0.0002338611969977698
603681.XSHG,0.0010831035835039524
300281.XSHE,-0.00014579644301839444
600824.XSHG,-0.0003072316541948061
600756.XSHG,3.298501981603913e-05
002846.XSHE,0.00034656233737731794
603187.XSHG,0.0004435841238362996
688409.XSHG,0.0009892724750513455
603335.XSHG,0.0017617652939472689
002462.XSHE,0.0010186370293284244
301212.XSHE,-0.00044656835760851143
000875.XSHE,0.016670052607795128
002308.XSHE,0.0014933793830071702
002571.XSHE,-2.181615658704999e-05
001318.XSHE,0.0001115715787708266
300887.XSHE,0.00012992750222874476
603380.XSHG,0.0008674208461961687
002076.XSHE,0.0007834780131289674
002297.XSHE,0.0013023961321519538
002879.XSHE,0.00016715074908215646
300566.XSHE,0.00016702316121721815
600489.XSHG,0.003924134251446281
603150.XSHG,-0.00027069464614225595
603218.XSHG,0.00468239937262226
603321.XSHG,0.002101689212585027
002009.XSHE,0.00015906924000626081
301555.XSHE,-0.00039897575165103
002012.XSHE,0.0001267163575918033
003011.XSHE,-0.00027853052769465027
300973.XSHE,0.0003124643734552597
600238.XSHG,0.0005240476840156352
000597.XSHE,0.0023900637505468057
603088.XSHG,1.8502628210046693e-05
002523.XSHE,0.0012265818330060804
300528.XSHE,0.0024492653223162136
603269.XSHG,0.00014163267449378931
300316.XSHE,0.0014743586535127507
688349.XSHG,0.001831255901503972
600469.XSHG,0.0020717357844697304
600362.XSHG,0.012343701588413974
001296.XSHE,-0.0004786310794215331
000628.XSHE,0.0004695993747077957
002662.XSHE,0.0025440129451419057
601188.XSHG,0.009750579856867355
000045.XSHE,0.0010212099453364974
688365.XSHG,0.0036727642581478514
688057.XSHG,0.001712327831796989
600714.XSHG,0.0003248938414717058
603015.XSHG,0.0012180113320520046
300220.XSHE,-0.0006407603437359574
600272.XSHG,0.0005268388370787778
688659.XSHG,2.1057926036520142e-05
002867.XSHE,0.0037088341268159157
688383.XSHG,-5.416149046505496e-05
002131.XSHE,0.0011041030227450452
600601.XSHG,-0.00027768506055415583
000068.XSHE,0.0037696445370149745
000908.XSHE,0.0020838513967167504
688049.XSHG,0.00029076956416773864
600191.XSHG,0.001192812576427994
000852.XSHE,0.001115698437488136
002716.XSHE,0.005272970484780354
601339.XSHG,0.004737915388341284
688646.XSHG,-0.0004810186460813595
600479.XSHG,-0.00027385839876765256
002195.XSHE,0.001697791320215669
002737.XSHE,0.0008970082573753584
002092.XSHE,0.007164267114769396
600743.XSHG,8.6549034994179e-05
301486.XSHE,-0.00021618637005315196
601888.XSHG,0.009102598095057058
601975.XSHG,0.04826291230015057
688322.XSHG,0.0019146968695514988
000517.XSHE,0.0014908068369857792
601162.XSHG,0.07613302593143546
688275.XSHG,2.875063864587839e-05
688716.XSHG,-0.00035356922030731555
002173.XSHE,0.0007864158569299892
002718.XSHE,-0.0005751986440515482
688520.XSHG,0.000862508463731559
000797.XSHE,0.001624629628435914
300695.XSHE,2.5524018758625155e-06
600513.XSHG,-0.00022269607070521727
605066.XSHG,0.0031461813655949277
600383.XSHG,0.0023175421581642123
000553.XSHE,0.004932933133902785
002117.XSHE,0.00028333996183125003
002432.XSHE,0.0012885049119671806
002757.XSHE,0.00048189603702531673
000023.XSHE,-0.0005742555478617275
300565.XSHE,0.0007207101109439208
600529.XSHG,0.0006115523413672425
688228.XSHG,-2.456224585854728e-05
002007.XSHE,0.00044200012335221474
688096.XSHG,8.45299031530985e-05
300161.XSHE,0.0006454803040498646
002497.XSHE,0.0013261423224851347
600395.XSHG,0.003140000964181537
002884.XSHE,-4.595387758966245e-06
600579.XSHG,0.001977373059569504
688273.XSHG,-0.0003174680747234441
301125.XSHE,-0.0005733942763202947
002729.XSHE,-5.973938902918566e-06
301088.XSHE,-9.973947109362055e-05
300264.XSHE,0.00017279284360942337
605108.XSHG,0.0015369050573266919
600405.XSHG,5.9690628227183104e-05
601211.XSHG,0.05911730048245902
688299.XSHG,0.0021918544288398218
605222.XSHG,0.003597744190902555
301209.XSHE,-0.0005956799109563067
300717.XSHE,-0.0002665612654732432
688051.XSHG,6.766582815263887e-06
002383.XSHE,0.0007665051796277258
300223.XSHE,0.0015726364634865723
603189.XSHG,0.0019857078889294194
600609.XSHG,-5.344188818724499e-06
002578.XSHE,0.0009846546258599196
300277.XSHE,-8.497787503254292e-05
002044.XSHE,0.0039053945240191913
002568.XSHE,0.0007370492957548064
603585.XSHG,9.229697195194011e-05
600227.XSHG,0.0016424829356536529
600540.XSHG,0.0009595044380051389
688432.XSHG,0.001583641531672906
603066.XSHG,0.00023643969898208908
300872.XSHE,0.001331697964802779
002714.XSHE,0.0022280840640323133
300365.XSHE,-0.00019958033205201922
603615.XSHG,0.0014409074502439471
000520.XSHE,0.0006871354941323177
603190.XSHG,-0.0003453331085847379
688345.XSHG,-0.0004509549045278467
300425.XSHE,9.213801399231638e-05
301510.XSHE,0.0001389531038578466
300322.XSHE,0.00046367446685109605
301060.XSHE,0.0012432100542126095
002535.XSHE,0.0007603029885935161
605567.XSHG,0.00045096575914292637
601995.XSHG,0.009462909990470399
002161.XSHE,7.379731203346353e-05
603489.XSHG,0.0007454733431575887
000723.XSHE,0.005718607586509613
002339.XSHE,0.00021714153705904525
688032.XSHG,1.8194215145541487e-05
301121.XSHE,-0.0004314833615201387
001965.XSHE,0.05060930549459197
600388.XSHG,0.0009646994200984327
002937.XSHE,0.0012357279100014482
300693.XSHE,0.0003011195774073163
603197.XSHG,0.001112057841325781
688232.XSHG,0.0006644450579193332
000766.XSHE,0.0026815961484625167
600292.XSHG,0.0012449989410395757
002656.XSHE,0.00021174769027925355
002434.XSHE,0.001504117266667835
600905.XSHG,0.12041162939818316
300410.XSHE,4.2638398025141824e-05
688505.XSHG,0.006640151741100804
300492.XSHE,0.00038558508919901924
600010.XSHG,0.03748718214549402
300930.XSHE,-0.00048459870588571553
600262.XSHG,0.00040002408406515373
688030.XSHG,0.0011233592931729338
002536.XSHE,0.00044316512823344483
688455.XSHG,0.0004686694752901627
000930.XSHE,0.002621725251596737
301318.XSHE,-0.0005016126201809435
001268.XSHE,-0.00038532238929907936
603936.XSHG,0.0027145725416625765
300173.XSHE,0.000736778020274499
603696.XSHG,0.000221720659141064
300480.XSHE,0.000256102583776801
600638.XSHG,-0.00030486508320606517
603159.XSHG,0.00013540140055393274
688334.XSHG,0.00018584331473633106
000726.XSHE,0.00016844690116431206
301009.XSHE,0.00027292248663030125
603043.XSHG,0.0034457696657791003
600883.XSHG,-0.0003560329491189239
301234.XSHE,-0.0005931892178864254
301285.XSHE,2.1061164509026688e-05
605389.XSHG,-0.00042319853558801194
603199.XSHG,0.0003285378083539989
688158.XSHG,0.003349641914522641
000428.XSHE,0.0001593286508354293
301150.XSHE,-0.0002308307725125903
688355.XSHG,-0.0003919888077478159
002304.XSHE,0.0036471307492003677
603052.XSHG,-0.0004917894247780981
300763.XSHE,0.0006549208858747473
002019.XSHE,0.00041595038442238867
000059.XSHE,0.008347398187686273
000976.XSHE,0.003617236626351084
300144.XSHE,0.001430310049998143
002830.XSHE,-0.0005419460865958097
600141.XSHG,0.0029820807635473046
600215.XSHG,0.001428501430178493
688055.XSHG,0.03279256594123078
300689.XSHE,-0.00021953029492715562
603706.XSHG,0.0009108402280347763
603511.XSHG,2.1268143799364682e-05
002028.XSHE,0.00032922736749074625
300004.XSHE,0.00044492391542913284
001270.XSHE,0.00021086301103528883
301126.XSHE,0.00035612755347892277
300286.XSHE,-0.00026772060874588675
300149.XSHE,0.0001570417537985892
600819.XSHG,0.0015690396458099953
688279.XSHG,0.00020130441726310175
000782.XSHE,0.0008024283129146032
601005.XSHG,0.07946723127423971
300009.XSHE,0.0004482519794480768
600104.XSHG,0.01123099675940084
688367.XSHG,-0.000275071165166623
301137.XSHE,0.0003133465818163936
301170.XSHE,-0.0004502453062548938
000820.XSHE,0.0007208697643280045
600800.XSHG,2.907892049320291e-05
002989.XSHE,0.0004928343048085105
300648.XSHE,-0.00015964243599437373
688063.XSHG,0.0008510680683654253
688062.XSHG,0.0016910858731633367
000026.XSHE,-0.00018507672417298406
605006.XSHG,0.0041272884099807115
002349.XSHE,0.0005845533924885398
002759.XSHE,0.0009557068515564793
601619.XSHG,0.021967959248225356
603339.XSHG,0.0012715954998943797
601133.XSHG,0.0008291659994359561
603131.XSHG,0.0005252037975832556
300479.XSHE,0.00033544372401745715
600517.XSHG,0.00257358603263422
301226.XSHE,-0.0004793236345446632
000920.XSHE,0.0007251170211747267
300194.XSHE,0.0009711214593321933
300377.XSHE,0.0001335523925884347
600023.XSHG,0.07380288119230467
603607.XSHG,6.742221835024157e-05
000417.XSHE,-0.00023771505620331994
002332.XSHE,0.003369619668557813
301202.XSHE,-0.0002676741282019404
300499.XSHE,6.333258735316408e-05
603898.XSHG,0.00021092826300935137
300542.XSHE,8.869006430780311e-05
600785.XSHG,-0.00021791623921485053
002394.XSHE,-0.00012329546628945393
002853.XSHE,-0.0002639212244945525
300785.XSHE,-0.00028425539086479064
000596.XSHE,0.0014651939988129519
002483.XSHE,0.0021594455142237494
002976.XSHE,-0.00011362599882831011
600088.XSHG,0.0005502034297016557
300056.XSHE,-7.097246025282477e-05
000678.XSHE,0.00031869994398292056
688162.XSHG,-0.00012033056941557636
603112.XSHG,0.003556993940158077
300354.XSHE,-0.0002767471137923469
603599.XSHG,0.00181249461212801
600315.XSHG,0.0009738577167871158
300701.XSHE,-4.051926220919764e-05
605580.XSHG,-0.0002194255443573006
300017.XSHE,0.0007546800165449726
688566.XSHG,0.0012402089755644474
603499.XSHG,0.00020610967269856916
688026.XSHG,0.0002178617917409551
002921.XSHE,-4.9384257029321736e-05
603277.XSHG,0.003173168872787288
301168.XSHE,-9.623574710445183e-05
603628.XSHG,0.0019816444423902653
002478.XSHE,0.002024594983972683
300682.XSHE,0.0067175467712023785
002471.XSHE,0.0011934912466812098
601218.XSHG,0.0034746549033056497
688099.XSHG,0.004084860137668339
688143.XSHG,-0.0003973020855547038
688163.XSHG,-0.0003954526678336908
688218.XSHG,0.00036677129997713406
600482.XSHG,0.007489912115721529
002010.XSHE,0.00273721836065089
601390.XSHG,0.12041162939818316
688443.XSHG,0.0005493527447480691
600057.XSHG,0.0015636416621778466
688230.XSHG,-0.00042284992763343577
605086.XSHG,-0.00017855631750421396
600079.XSHG,0.001169619404599863
000691.XSHE,0.00013796829516352159
002177.XSHE,0.00014455147458205435
002920.XSHE,0.005565234205259398
300340.XSHE,-0.0002430677292401466
600665.XSHG,0.0008454876841575495
300213.XSHE,0.0002910263376069511
002726.XSHE,0.0018957442974489812
300848.XSHE,-8.674637477728864e-05
300438.XSHE,0.0005383987869938257
601798.XSHG,0.002530413427488934
301232.XSHE,-0.0006266151418410026
688595.XSHG,0.00047999602294772814
301353.XSHE,-0.0005781719842102323
688068.XSHG,-2.6066719610982718e-05
600483.XSHG,0.006966389730332162
688199.XSHG,0.00038018525308958586
600761.XSHG,0.00015106008522168253
688052.XSHG,0.0004970305150256137
603086.XSHG,-1.8988600772519245e-05
002655.XSHE,0.0006001415209373189
002132.XSHE,0.001737443035956094
002438.XSHE,0.0005667440282233391
300198.XSHE,0.00015894041533366795
688793.XSHG,-0.0004540436029686051
002305.XSHE,0.00452065597853656
601108.XSHG,0.040218464450850665
688498.XSHG,-0.00013036903770609906
000407.XSHE,1.4850199227754257e-05
002294.XSHE,0.0009857117540390346
600731.XSHG,-1.6264642748246112e-05
300113.XSHE,0.00010650102295029661
603353.XSHG,0.0007407037999199601
300107.XSHE,-0.00038931847543777714
002950.XSHE,0.0022651477049578724
002821.XSHE,0.0012683229500135645
603529.XSHG,0.0009286061008349491
000969.XSHE,0.0011341251700032035
300443.XSHE,5.8878649011261835e-05
300609.XSHE,0.00025712547694232675
301153.XSHE,0.00032043678029111406
001278.XSHE,-0.0003549783802144859
603301.XSHG,0.0005465706491299944
002056.XSHE,0.0016361258529980114
603895.XSHG,1.8592073661244856e-05
688337.XSHG,-2.3489563932087894e-05
000729.XSHE,0.0029352951819089637
002961.XSHE,0.003748391656693283
300136.XSHE,0.000502576105482637
300630.XSHE,0.0006463475991795133
688223.XSHG,0.03068377336290792
000962.XSHE,0.0007978372587339683
600054.XSHG,0.0007327311682634647
688189.XSHG,0.00067511165228978
000622.XSHE,-0.00030892764104269036
600330.XSHG,0.0021291898897829
600727.XSHG,0.0002675262647744651
001201.XSHE,-3.962093685226404e-05
600519.XSHG,0.002000702442432446
003041.XSHE,-0.000470974331746027
688733.XSHG,0.0009293590460173732
301221.XSHE,-8.622825359940519e-05
300972.XSHE,0.0001909773843440396
000586.XSHE,-0.0002501264698751021
603916.XSHG,0.002628178884381496
000757.XSHE,0.00031279834275726006
600894.XSHG,0.0016690202406188914
000982.XSHE,0.0020454966568261147
300621.XSHE,0.00048191530134894067
603813.XSHG,-2.628801002515504e-05
603136.XSHG,0.0001613118005570366
603093.XSHG,0.0055891330716888515
002863.XSHE,0.0021827568666694937
002840.XSHE,0.0015774584520748748
688246.XSHG,0.00043398527567502156
300196.XSHE,0.00011693963678829954
300484.XSHE,-0.00039240847642411307
600150.XSHG,0.013801215474600826
301059.XSHE,-0.0003818956756898475
300546.XSHE,-0.0003179513276942101
300625.XSHE,0.0006344927698906851
600753.XSHG,-0.0001918800183128115
002987.XSHE,0.0011342761142639896
600343.XSHG,0.0015924731398422442
301045.XSHE,-0.00021414147513791886
002255.XSHE,0.0009504690249314221
002023.XSHE,0.00025557744990962333
601677.XSHG,0.006642085691918835
000886.XSHE,0.0025161634537492184
301001.XSHE,-0.0004828733258365735
300179.XSHE,-3.269353178627396e-05
601825.XSHG,0.04017246038688011
002356.XSHE,0.001939265884441597
600163.XSHG,0.00441055287302987
600509.XSHG,0.0014228246663577256
300171.XSHE,0.00037217803129692385
002005.XSHE,0.000951854081513699
001229.XSHE,-0.00039670681204770743
002248.XSHE,0.0007611990321366297
301387.XSHE,-0.0004335836660425181
601009.XSHG,0.015036141012620293
603037.XSHG,-7.205531885005933e-05
002002.XSHE,0.002226541079053705
600683.XSHG,0.000534891967939437
301182.XSHE,-0.0004416430924012243
601998.XSHG,0.12041162939818316
003001.XSHE,-0.0004352912092686628
300342.XSHE,0.0004623628683505255
600791.XSHG,-0.00019626257902533245
000426.XSHE,0.0006546470785419965
603016.XSHG,0.0005932199549379459
600468.XSHG,0.00037607055911519994
605058.XSHG,0.0006808696365280717
605008.XSHG,0.0042095057804336445
000731.XSHE,-0.00016057267167708227
603232.XSHG,-2.9448549087166096e-05
002949.XSHE,0.0006395745469664053
300822.XSHE,0.00026532503003906093
002207.XSHE,0.00041356887400284157
600161.XSHG,0.0011629506333110625
002566.XSHE,3.104667842254239e-05
688129.XSHG,0.0003314574061255161
600635.XSHG,-0.00024118111997819267
603515.XSHG,0.004776023831856461
300294.XSHE,0.0006654153696340088
603167.XSHG,0.0028532152682754935
300037.XSHE,0.0008344952879759808
601997.XSHG,0.019432231552707777
301366.XSHE,-0.00025037385946113743
002594.XSHE,0.011669123231445299
000713.XSHE,0.0003825855374524175
600360.XSHG,0.0007822774204096176
002368.XSHE,0.0009457314431704667
688429.XSHG,-9.89563273386374e-05
300589.XSHE,-4.017249238782647e-06
603107.XSHG,0.0004475053677903413
301356.XSHE,-0.0003434577455781659
603238.XSHG,0.00037422111237452775
605259.XSHG,-0.0003764333338708043
301120.XSHE,0.0003607208351382768
688084.XSHG,-0.0003600536085508205
603090.XSHG,0.00013981376389850795
002350.XSHE,0.000397341857026324
002650.XSHE,0.0008250217268683886
688656.XSHG,-0.000597388616711868
300573.XSHE,0.00047608454937838555
301429.XSHE,-0.00047941269929315005
002262.XSHE,0.0009282467584945997
002449.XSHE,0.001447444053572822
603568.XSHG,0.004568953307872764
300613.XSHE,7.997368555679336e-05
688120.XSHG,0.0007597454528518108
300976.XSHE,-0.0003741023839400966
600282.XSHG,0.007725638273867529
000531.XSHE,-2.443092667648531e-05
688625.XSHG,0.0002463989560028924
300027.XSHE,0.0011579228950400703
603878.XSHG,0.0009886609371764922
301287.XSHE,-0.0005998552864118455
603956.XSHG,0.0041940013609275744
688378.XSHG,-1.4125958300767114e-05
605162.XSHG,0.00029745159855213365
002798.XSHE,0.00019052762684895763
300634.XSHE,0.003872251487206066
605299.XSHG,0.0004435861680225771
000008.XSHE,0.0005158669365874365
600015.XSHG,0.023578069135781813
603260.XSHG,0.007372674974579118
688257.XSHG,-2.155846741150238e-05
002597.XSHE,0.0007806788654140743
301138.XSHE,-0.0003871320660278597
301222.XSHE,-0.000446552067173959
600597.XSHG,0.0051384928281812455
000681.XSHE,0.0009949565369317638
600793.XSHG,-0.00010491655654710195
688550.XSHG,-9.028055628873121e-05
300444.XSHE,0.0009277616055087656
002386.XSHE,0.004343900705410226
002470.XSHE,0.0069452511807648965
603869.XSHG,0.002758276637115778
603121.XSHG,0.0009984910916606485
603843.XSHG,0.00410229719483088
300953.XSHE,-7.934893258611752e-05
300141.XSHE,-0.00036577921611544774
600237.XSHG,0.000771175333105912
601016.XSHG,0.023474471077158585
300926.XSHE,-2.4911880417819235e-05
603978.XSHG,8.101847814341275e-05
601238.XSHG,0.041620234986954906
300696.XSHE,-0.00011004065136865828
603077.XSHG,0.006077360202494386
688627.XSHG,-0.0002034319970271269
002153.XSHE,0.000325032986229808
603118.XSHG,0.0026724703454609955
600581.XSHG,0.0017909662658371851
301399.XSHE,-0.00045631376626129044
600052.XSHG,0.0015475232266445407
600211.XSHG,0.0007564219543046518
603926.XSHG,0.0003210726682392939
603903.XSHG,0.00020535528429621607
603616.XSHG,0.001086311087823567
688328.XSHG,-0.0002907756078450329
300422.XSHE,4.893237672874847e-05
601212.XSHG,0.07340541218025846
688433.XSHG,0.00010306316273076178
300477.XSHE,0.0008516256042754722
600446.XSHG,0.00024638776926412537
301169.XSHE,-0.00037968079456367063
301228.XSHE,-0.0002828705687939559
688255.XSHG,-0.0002516645364384366
300471.XSHE,0.00013944762845305078
603276.XSHG,-0.0002755838651109926
600063.XSHG,0.0009637661180027235
600308.XSHG,0.0008538692111914164
300840.XSHE,0.0011590462895582888
600373.XSHG,0.0024311655182240235
601366.XSHG,0.00681965110302579
603029.XSHG,0.00014172795817216522
688035.XSHG,0.00038554672799621535
688310.XSHG,0.00018705726128252114
600187.XSHG,0.0029412124648199897
600640.XSHG,0.0004023895100524605
600072.XSHG,0.001659384705983489
002358.XSHE,0.00045957668178269405
300059.XSHE,0.0019598781342115893
000685.XSHE,0.0004341410792589024
300798.XSHE,0.0030616029999445717
002352.XSHE,0.01411107071308424
300903.XSHE,0.0012096563198791927
002577.XSHE,0.0006697469478330788
688018.XSHG,0.00038450908644720714
300066.XSHE,-6.354879249002339e-05
002707.XSHE,0.00021309061572648248
002532.XSHE,0.004897331984976132
300916.XSHE,-0.000538470432137367
002910.XSHE,0.0008512962986472131
301166.XSHE,-0.00025331775774904073
600520.XSHG,0.00018708670346305088
603799.XSHG,0.007123047056245714
301098.XSHE,-0.00015252629539390166
300854.XSHE,-0.000421113383238574
600841.XSHG,0.0028389058305703504
688288.XSHG,0.0002156403617545418
688579.XSHG,0.0033414023794660483
000544.XSHE,0.001974206610666534
301007.XSHE,0.0004724163751066865
600257.XSHG,4.7359970564574746e-05
000639.XSHE,0.0004256688372934527
688381.XSHG,0.0013613356638822777
600818.XSHG,0.0004900748754343991
002986.XSHE,0.0002792949102331853
688212.XSHG,0.0005213280362610915
300680.XSHE,8.718204726838549e-05
688563.XSHG,0.0006309373806830246
688152.XSHG,-0.0003263476886113622
000819.XSHE,-0.00017520675498382108
002810.XSHE,0.00044293611665763717
300807.XSHE,-0.00028800808967034073
002778.XSHE,-2.2610501812255976e-05
300155.XSHE,-0.00030033970864836725
000516.XSHE,0.00028683765179846553
301161.XSHE,-0.00025414202515054273
688360.XSHG,7.760586438182167e-05
000903.XSHE,0.0010325983939402559
002444.XSHE,0.0024991234779225655
000768.XSHE,0.0034206913559068778
603679.XSHG,0.0003867150743286957
600148.XSHG,-0.00023989052553550995
603385.XSHG,0.0017948382169771506
000576.XSHE,5.9871951375706375e-05
605183.XSHG,0.0007743281444268975
300627.XSHE,0.0008716999631537532
000547.XSHE,0.0011262323016131763
688239.XSHG,0.0005970527454233095
300005.XSHE,0.0002442966159752629
001211.XSHE,-0.0005198405411218629
002812.XSHE,0.00228369024141547
301261.XSHE,-0.0004209116238964003
603500.XSHG,0.0004072734940580332
002206.XSHE,0.000289209185163353
688631.XSHG,-0.000168161976412518
000571.XSHE,-0.00010518335289667175
300957.XSHE,0.0021207219670811204
600789.XSHG,0.0026691753974406878
600548.XSHG,0.004873324947429843
002059.XSHE,0.003902170535351405
603729.XSHG,-0.000202846655355264
002162.XSHE,0.003577792710463176
603328.XSHG,0.0030247902563391915
688048.XSHG,0.00045632500229080485
002582.XSHE,9.877390888784706e-05
002429.XSHE,0.004898784473378766
600909.XSHG,0.03826632285986728
300506.XSHE,0.0005711205639555702
301218.XSHE,-0.000272482635015053
601799.XSHG,0.002255767604663316
002188.XSHE,0.00036798371108694335
600919.XSHG,0.12041162939818316
600993.XSHG,1.2727579348155579e-05
300413.XSHE,0.006013228420833404
002454.XSHE,0.0015717077134302802
601919.XSHG,0.06591458629967897
600329.XSHG,0.0016216927108681375
002562.XSHE,0.00040523665037963535
001311.XSHE,-8.917569321231593e-06
600867.XSHG,0.00043870102479634087
300250.XSHE,-0.0002372582622800653
300327.XSHE,0.0006971089586792282
600380.XSHG,0.001504271943815117
603667.XSHG,0.0018416223011983044
300777.XSHE,0.003916286843237619
600667.XSHG,0.0035419198552299564
003010.XSHE,0.000122681689058082
688155.XSHG,0.0001201308549982975
601000.XSHG,0.008881703704469586
600861.XSHG,0.001007819982772305
002072.XSHE,0.0015469782992997639
603087.XSHG,0.0037146699040331355
001227.XSHE,0.025753344857446292
600528.XSHG,0.004508652791302729
002995.XSHE,-0.00021259766395374092
300971.XSHE,-0.00030348155020591986
000736.XSHE,0.0011102022925914162
600759.XSHG,0.0045414985592242335
001323.XSHE,9.654274534464464e-05
300116.XSHE,0.004060449474258085
002088.XSHE,0.00029166874686776146
002346.XSHE,0.0010945815371813028
300110.XSHE,0.0016059990881381154
301519.XSHE,-0.0002765421089417558
002175.XSHE,0.0013298793010312366
300519.XSHE,-0.00023375477530424016
301006.XSHE,-0.0001532710620532375
605177.XSHG,-0.00014866713906380908
300143.XSHE,0.0010337304821624422
300620.XSHE,0.0006928840472027725
001203.XSHE,0.003905332847869549
688660.XSHG,0.004791564716355878
688396.XSHG,0.013302583868488147
603179.XSHG,0.0018089338372044318
601968.XSHG,0.008004423898630503
300359.XSHE,0.00011334513330039085
300459.XSHE,0.0020347481934661397
002219.XSHE,0.001139156206508044
002912.XSHE,4.8030484240675565e-05
300703.XSHE,-0.00016777165928649057
603109.XSHG,0.0007275711201456137
300568.XSHE,0.001438834279521602
000800.XSHE,0.01728706849490658
600114.XSHG,0.0005054281545320607
300819.XSHE,6.69717577948298e-05
300855.XSHE,0.0011286928387310732
003032.XSHE,0.0012078024648240347
300128.XSHE,0.0005982108106244764
301095.XSHE,0.0009125247212217286
000538.XSHE,0.00092548681870206
600886.XSHG,0.0016510516468160755
300936.XSHE,-0.00044300546922105015
600425.XSHG,0.0016872490166759033
001282.XSHE,-0.0003337948838493484
300846.XSHE,0.003104490605467385
300527.XSHE,0.004354888364203103
000001.XSHE,0.001830370826100693
000761.XSHE,0.015222254527427426
688179.XSHG,0.00035946276740643577
601882.XSHG,0.004571933858328908
688376.XSHG,-7.370371135186711e-05
600120.XSHG,0.00013764687520511536
603929.XSHG,0.0014067044747366735
002223.XSHE,0.0010098316143859055
300664.XSHE,0.004291815744460098
000728.XSHE,0.014821596688464422
300521.XSHE,-2.651688249903899e-05
600655.XSHG,5.308465527908988e-05
002151.XSHE,0.0005183537050133458
002251.XSHE,0.0011031066799929833
601696.XSHG,0.02740053244252145
300608.XSHE,0.00012910962093495306
300252.XSHE,0.00058222560182781
002416.XSHE,0.003401237187418483
603657.XSHG,4.988653655383041e-05
600486.XSHG,0.0007220115865168819
688038.XSHG,-9.889921689463046e-05
002241.XSHE,0.001473947123176958
300796.XSHE,0.0008794527755662244
000762.XSHE,0.0006206413379564762
601330.XSHG,0.008863879551500739
603020.XSHG,0.0010460249525678393
003816.XSHE,0.12041162939818316
002437.XSHE,0.0008593286911487033
300885.XSHE,-0.00023716093291877482
688050.XSHG,0.0008919007026819485
603755.XSHG,0.00023615659572850793
688097.XSHG,0.0006489602336851246
000790.XSHE,-0.0001855939662649507
300645.XSHE,-2.342583092496283e-05
688382.XSHG,0.0035568637561074826
603856.XSHG,0.0010572210265140751
603356.XSHG,0.0004209053521462197
688148.XSHG,0.0032352213907187125
300069.XSHE,-0.00029339430137211486
688135.XSHG,0.0007535966906472372
603609.XSHG,0.0051687196138273895
000151.XSHE,0.00032088632621986215
000700.XSHE,0.00010574267676455659
300550.XSHE,0.0003064474180336622
600171.XSHG,0.0021524600390185646
603887.XSHG,0.001231910705981901
301172.XSHE,-0.00027396397174368693
301315.XSHE,-0.00035915424458722996
300470.XSHE,7.91286852514684e-05
600480.XSHG,0.0025699881256789087
300788.XSHE,0.0012758922958630873
688575.XSHG,0.001568319448063847
002054.XSHE,0.000431122915602952
300862.XSHE,0.00042561786652045314
001287.XSHE,0.0016811790651859106
002094.XSHE,0.0005500484286517063
002888.XSHE,-0.000285556525224799
300266.XSHE,0.00023385200276655608
603028.XSHG,0.0014757805684018279
002341.XSHE,0.0007926942443876184
600028.XSHG,0.12041162939818316
002765.XSHE,0.0016811063802360763
600152.XSHG,0.0010824551836759455
600858.XSHG,1.6359239459121664e-05
688387.XSHG,0.0065780340163405435
600889.XSHG,-4.1722107575103344e-05
002962.XSHE,0.0007448000700110712
601121.XSHG,0.0014439856559508098
601007.XSHG,0.0019201075670693324
600300.XSHG,0.0016034807125740822
603726.XSHG,9.679445261799168e-05
301355.XSHE,-0.00025755673613328046
002589.XSHE,0.0006882499150600788
688416.XSHG,-0.00017854597986367556
601878.XSHG,0.03620249804766132
300769.XSHE,0.0003158835125666511
603922.XSHG,0.0005635215970693422
688556.XSHG,0.0013713650580316821
300980.XSHE,-0.000462244773412681
688661.XSHG,-0.0002465486422447339
300895.XSHE,0.00035964772676244845
300285.XSHE,0.0005589319988532477
601999.XSHG,0.004295778160731816
601231.XSHG,0.00926274444271653
603901.XSHG,0.000619837980226086
002001.XSHE,0.0008245476997530589
301359.XSHE,-0.0005455485783552483
002279.XSHE,0.0002883486846900037
688117.XSHG,-0.00023163481986096594
301065.XSHE,-0.0004688021247666388
600199.XSHG,0.001142407837475286
603709.XSHG,-0.00010692076537717422
688592.XSHG,-0.0005231833810542881
000900.XSHE,0.0005510782069348214
600416.XSHG,0.003101597185729913
001202.XSHE,-0.00042148190344195354
601088.XSHG,0.07007002409244774
600267.XSHG,0.0013162741896149657
000505.XSHE,0.0013891887206446236
300605.XSHE,-0.00020922162702806835
002875.XSHE,0.00029638706459882657
688549.XSHG,0.002349449980698212
000627.XSHE,0.0012776906733676134
600533.XSHG,0.0003661877490242646
300301.XSHE,0.0004819734301435521
300481.XSHE,0.0003252047655540604
300450.XSHE,0.000787505731606902
300811.XSHE,0.00014304193026739296
002244.XSHE,0.004014533409893022
601872.XSHG,0.05065797981177168
688139.XSHG,0.0028128316650639744
002109.XSHE,0.0021239662613475856
600698.XSHG,0.0008538767482104641
300927.XSHE,-0.00031143157174112843
605080.XSHG,-0.0003664574716449423
002285.XSHE,0.0008000986795081709
002672.XSHE,0.000842306927651128
000040.XSHE,0.0017608059941050004
300065.XSHE,0.0003313976884737682
600281.XSHG,0.0018724184567716616
688061.XSHG,-0.0003194104284968295
600231.XSHG,0.002609006813198504
603566.XSHG,0.0011262045606013412
300451.XSHE,0.0004330491146055372
002539.XSHE,0.0010162467281981326
601015.XSHG,0.007926228888769742
300074.XSHE,-0.0003766940509023194
605555.XSHG,0.00025739962265789
002060.XSHE,0.0027739151996469063
600706.XSHG,0.00021514001381275688
601869.XSHG,0.003707483249531514
300449.XSHE,-4.9745381179914366e-05
300700.XSHE,0.00015011638580677493
603059.XSHG,-1.788392330686955e-05
300925.XSHE,0.00015282988341630067
600663.XSHG,0.002152762791673418
002519.XSHE,0.00047752886630004864
002593.XSHE,0.000995014216374772
301175.XSHE,0.005734944074551405
600774.XSHG,-0.0002579322744946903
601011.XSHG,0.006814189149931456
601156.XSHG,0.007407955432058188
000929.XSHE,-0.00012149151531562648
600661.XSHG,-0.0002007739343117341
605077.XSHG,0.00017638070410153322
300261.XSHE,0.0005669177412834998
300319.XSHE,0.0006314644314377226
300858.XSHE,0.0001327033930492267
002693.XSHE,0.00047635933310467555
301256.XSHE,0.0007134741213168994
605199.XSHG,0.0035282040609840616
300083.XSHE,0.0013232091280542448
300079.XSHE,0.0005950512895132066
300071.XSHE,0.00015118104228058476
300511.XSHE,0.0006295152805498303
603918.XSHG,0.0005881313057899636
600156.XSHG,0.001270816917547378
601008.XSHG,0.006735958086499843
603045.XSHG,0.00012348704155730147
003016.XSHE,0.0031502933585815327
600928.XSHG,0.02781644792844772
300551.XSHE,0.00022935305457195498
603351.XSHG,-1.8696263939204272e-05
300739.XSHE,0.0005756726371857134
301191.XSHE,-0.0003329308801925031
300713.XSHE,-0.0004331935341214764
000004.XSHE,-0.0006212970345179755
002266.XSHE,0.0041166304617668344
603026.XSHG,0.0015251260236049584
688338.XSHG,-0.0001902904914807237
002801.XSHE,-0.00030421654994150396
002817.XSHE,5.6432848153184544e-05
300195.XSHE,0.00018829414843900467
600545.XSHG,0.0036445690373948453
601990.XSHG,0.028922805858168248
600739.XSHG,0.0003172825022540885
002537.XSHE,0.0012810665518995623
301205.XSHE,0.00010843032395397179
300847.XSHE,0.0013668552559062447
603095.XSHG,0.0004850432698196384
002016.XSHE,0.0006207767292718815
002567.XSHE,0.002196669992837029
002721.XSHE,0.0083506643149973
002862.XSHE,-0.00024656565366811564
600467.XSHG,0.0009263314305949532
002164.XSHE,0.0008042900715590159
603716.XSHG,-0.0002059289960293112
603970.XSHG,0.0006248904761254426
688663.XSHG,0.00018333889951447583
000657.XSHE,0.0018980091895318015
688608.XSHG,0.0005876768086812719
600675.XSHG,0.000746028420710963
600562.XSHG,0.001503766841902038
002448.XSHE,0.00018964019030811186
002409.XSHE,0.0009535511668915046
603221.XSHG,0.0015515267815853116
000638.XSHE,-0.00011833955068334741
002792.XSHE,0.0005627036032956221
002977.XSHE,-0.00021955132344462705
603861.XSHG,0.003418687378530118
688128.XSHG,0.003377663869266442
600576.XSHG,0.0017074477896725044
601901.XSHG,0.07888343428800924
605068.XSHG,0.0009306335788402785
605337.XSHG,8.35833611476963e-05
002200.XSHE,7.708772380983693e-05
300013.XSHE,9.409376264901367e-05
002433.XSHE,0.0009368838562885257
688633.XSHG,-0.0004468493214266987
600162.XSHG,0.0031365785294312797
300455.XSHE,0.0015032117063169589
603859.XSHG,0.0011426036456983414
300768.XSHE,0.002095929548396316
600702.XSHG,0.00096056194936652
605136.XSHG,0.0033196520836203097
688711.XSHG,0.00034080464547771154
688156.XSHG,0.00017015818050626662
300951.XSHE,-5.989481101613219e-05
688101.XSHG,0.0026208974197965123
300501.XSHE,-0.00031566547634402897
300813.XSHE,-0.00045841853776105415
002446.XSHE,0.0012942003898794119
603125.XSHG,-4.4464353304818805e-05
000032.XSHE,0.0014183797352284823
300101.XSHE,0.00040518831443178585
300321.XSHE,-0.0005063410960789219
603703.XSHG,0.0006256601229400484
688311.XSHG,0.0007207412329614184
000767.XSHE,0.002305812453994488
000035.XSHE,0.004956184881357331
300600.XSHE,0.00010431612374858323
300772.XSHE,0.003276378597214288
601186.XSHG,0.08462983395900486
000701.XSHE,0.0017674152537221688
688558.XSHG,0.0006166179067481219
600685.XSHG,0.0039886070736406196
688331.XSHG,0.0016257349791307277
301083.XSHE,-0.00017031013885344427
600617.XSHG,-0.00030409700594967334
301361.XSHE,-0.0004497502053881505
300870.XSHE,0.0004226755713266473
601155.XSHG,0.014247984345529595
603379.XSHG,0.004018770154206477
000009.XSHE,0.0024949742317415357
300671.XSHE,0.0007319492124588628
605133.XSHG,0.00012342440928333456
000100.XSHE,0.04976692037271784
300537.XSHE,0.00020033237445901252
600979.XSHG,0.0015607429266144002
605298.XSHG,-0.00048628988195134425
002141.XSHE,0.0007520483649593165
688098.XSHG,0.003278041116433668
002893.XSHE,0.00043536943333777583
300389.XSHE,-5.7752967655649834e-05
605365.XSHG,0.00016592604635718534
600128.XSHG,-2.2700937093495747e-05
002034.XSHE,0.0006688765692184391
000753.XSHE,0.00029913908570896133
600256.XSHG,0.0014346849484024328
000892.XSHE,0.0022469089280672473
002516.XSHE,0.00042189717466563484
002490.XSHE,0.0019871711284084204
600757.XSHG,0.0011515664516153418
600711.XSHG,0.0028474104190649484
688201.XSHG,-0.00016166580210322457
600959.XSHG,0.03569011306879468
301061.XSHE,-0.00035722413181942404
688319.XSHG,0.0024511881965949126
001313.XSHE,0.0016695423141782958
603319.XSHG,0.0001629306459890725
603601.XSHG,0.0001678825194743411
000858.XSHE,0.0023409155118649066
002800.XSHE,-0.0001514254101965852
300632.XSHE,0.00036834444825099106
300447.XSHE,3.572536273707162e-07
300918.XSHE,0.00040553447001928525
002172.XSHE,0.0018317793953718858
300001.XSHE,0.001319061927084413
301067.XSHE,-0.0005348143627941376
600170.XSHG,0.004948312574551765
002377.XSHE,0.0013412396396968692
002872.XSHE,0.0005161461918406413
002286.XSHE,0.0003031203037068866
600096.XSHG,0.0070713557203517
002909.XSHE,0.0004834269873430318
000590.XSHE,-0.0003398860453266058
000889.XSHE,0.0008093918430417573
002572.XSHE,9.120950996689028e-05
300812.XSHE,-0.00012697587038894482
600321.XSHG,0.0011799669402418407
600846.XSHG,-0.00023256582007547726
603855.XSHG,0.0022177107930294645
688588.XSHG,0.0032397886836581205
688620.XSHG,0.0002678888454684616
002943.XSHE,9.209121399589748e-05
603255.XSHG,5.18762990057278e-05
605399.XSHG,0.0011734946736480006
002941.XSHE,0.005845606305529178
000401.XSHE,0.0020004887496526775
688172.XSHG,0.0011421018488827373
688175.XSHG,-0.00034274540821446016
688305.XSHG,5.9898180563181826e-05
002835.XSHE,-3.7145063777942276e-05
002139.XSHE,0.0003224929709132195
001217.XSHE,0.0006529859345903053
002302.XSHE,0.002542985117407914
000928.XSHE,0.005625787136500838
000988.XSHE,0.0009581911634156549
600213.XSHG,0.0010843946192994527
300235.XSHE,-0.00037626821220137704
002709.XSHE,0.0010896317129127457
000802.XSHE,0.0014533958918050475
601002.XSHG,0.007929603175834875
603035.XSHG,0.0028098631131619565
600241.XSHG,0.00038044622456158146
002040.XSHE,0.0008916826538377608
301382.XSHE,-9.926560799018187e-05
688377.XSHG,0.0013359314705874898
003030.XSHE,-0.0002471560478595542
002218.XSHE,0.0019557022861448822
000625.XSHE,0.005805472585649977
000739.XSHE,0.0007555036151353022
002648.XSHE,0.0028627290864643054
603332.XSHG,0.00028349165495677043
002068.XSHE,0.0008181970589012153
300158.XSHE,0.0012686126304071708
301004.XSHE,-0.0003416612204130609
301499.XSHE,-0.00023372795351191312
601006.XSHG,0.06501248907811331
300180.XSHE,0.0016987218383194907
002605.XSHE,0.0003651359179089833
002135.XSHE,0.0028607700194943245
000863.XSHE,0.0010586550105337227
002670.XSHE,0.006783174202151477
002682.XSHE,0.0014701802099321586
300416.XSHE,0.0003397624418827292
002643.XSHE,0.0012845020584681978
002808.XSHE,-0.00010656900725165939
300315.XSHE,0.0018626117863797499
300391.XSHE,0.00019556010898795517
688655.XSHG,-0.00014702830994122948
300052.XSHE,0.0003994818230635686
000876.XSHE,0.002587802073907967
300548.XSHE,0.0003809439238596322
688320.XSHG,0.0005648687207574061
603663.XSHG,0.0008666746958254864
002531.XSHE,0.0020676539340316463
603811.XSHG,0.00010869719345763234
603833.XSHG,0.0042032567360309565
300166.XSHE,0.0001824920225508404
002392.XSHE,0.00045560698533611966
002091.XSHE,0.0018346487487914268
300349.XSHE,5.786552609222397e-05
002336.XSHE,0.002647300840740354
002647.XSHE,0.0009788558812431764
300208.XSHE,0.00011813301075996397
000922.XSHE,0.0015564372507021872
300591.XSHE,0.001793391650280069
600859.XSHG,0.002263792602564778
300146.XSHE,0.000353404757866509
600935.XSHG,0.01778633837933548
603181.XSHG,0.0014190892088147705
600418.XSHG,0.0034878181056726956
688567.XSHG,0.012072378913261043
000504.XSHE,0.00023942273160770604
603828.XSHG,0.00047119727389182667
300350.XSHE,0.0005672431607957377
001317.XSHE,-0.00039025477686323827
002082.XSHE,0.0014694262831899353
300912.XSHE,-0.00019514739465633865
002847.XSHE,0.0008655022889996815
300898.XSHE,0.00036053943911007046
300241.XSHE,0.00074078460360396
600022.XSHG,0.017533190677879056
688093.XSHG,0.0010938688953297717
300105.XSHE,0.00010939692951155268
301103.XSHE,6.033337525329207e-05
000738.XSHE,0.007117283502591113
600619.XSHG,-0.0002817456432137183
688197.XSHG,0.00012734194843895698
300024.XSHE,0.00046114214312177766
603012.XSHG,0.002333847779896015
600273.XSHG,0.006858562284553322
603739.XSHG,0.001070546949826727
301149.XSHE,0.0012658645561043767
600895.XSHG,0.0007683858614324332
600866.XSHG,0.00010467447782454303
688236.XSHG,0.00041875698666160306
002534.XSHE,0.002815972272609418
002742.XSHE,-7.202382347944202e-06
605028.XSHG,-0.00034723932872405893
603151.XSHG,1.9294841714360966e-05
688418.XSHG,0.0006936314363080477
603027.XSHG,0.0014417970959329234
301117.XSHE,-0.00011018289411502156
002127.XSHE,0.0015234260724421391
600403.XSHG,0.003487183771249309
000631.XSHE,0.000707931191530858
300254.XSHE,0.0007281428542958219
688593.XSHG,0.00022469146303083482
600019.XSHG,0.06919500213443798
688295.XSHG,0.001179853867770548
300516.XSHE,0.0006438919626998095
600356.XSHG,0.0005864188889699835
000069.XSHE,0.0014242596406367665
301181.XSHE,-0.00038233824906040595
000572.XSHE,0.0031566390033042594
300145.XSHE,0.00045720531729522506
002021.XSHE,-0.00018458762602004402
000419.XSHE,-0.00037277218868156327
603806.XSHG,0.004026264037615124
603261.XSHG,-0.0004967262110813979
002420.XSHE,0.0030631278432583994
605228.XSHG,0.0004119476646270143
300602.XSHE,0.0004592235287329171
300224.XSHE,0.001311201330687945
688301.XSHG,0.0006006779031309587
300549.XSHE,-0.00029358664837688845
300462.XSHE,-0.00012610214730327896
300583.XSHE,0.000505521820157573
600080.XSHG,-0.00020284474729012083
600853.XSHG,0.0025138951422162517
301016.XSHE,-0.0004602933562347717
600582.XSHG,0.0008433992217489725
600748.XSHG,0.0022628047899930295
600397.XSHG,0.0017503125082916134
688469.XSHG,0.011024006853074201
002741.XSHE,0.0006646359899515409
002743.XSHE,0.0012758710265472724
300679.XSHE,0.0007569817517309795
301155.XSHE,0.0006033154553072154
600535.XSHG,0.0010748964590991074
301469.XSHE,-0.0004779306718830418
601609.XSHG,0.013678874274898417
300834.XSHE,-3.428983522835193e-05
002603.XSHE,0.003447363339730812
688285.XSHG,0.00024058174681001576
688276.XSHG,0.0023184254423589813
002807.XSHE,0.014234368752839973
300504.XSHE,0.001467592446332428
300931.XSHE,0.00020575525487044686
688687.XSHG,0.0005881908271344595
002208.XSHE,0.0009191145964580421
300085.XSHE,0.00010227759500075706
300975.XSHE,0.0015812335060431326
002945.XSHE,0.02646825171980509
000983.XSHE,0.004457631434102562
001212.XSHE,-0.0003134018005324469
301079.XSHE,-0.0004025619752190104
301327.XSHE,-0.00015093164524978251
600771.XSHG,0.0004102823531463142
600908.XSHG,0.014878555786631305
301238.XSHE,0.0018403024719699946
603519.XSHG,-6.287070432102059e-05
300015.XSHE,0.0015368719777424517
002758.XSHE,5.0424103369258225e-05
300915.XSHE,-0.0005501776740373534
605179.XSHG,6.741691249808083e-05
688191.XSHG,-4.010815696503761e-06
002802.XSHE,7.159137500472126e-05
603612.XSHG,0.0026736335694153616
300408.XSHE,0.004408080146022941
000529.XSHE,0.0010042793745473867
688336.XSHG,0.0006836798697922123
600620.XSHG,-0.0004496568651771799
300959.XSHE,-0.0003582967913467365
002211.XSHE,0.0019524775263956274
002505.XSHE,0.0038728402003366646
600515.XSHG,0.02770807266848381
603220.XSHG,0.002966788445601715
002813.XSHE,0.0005869353520673605
001230.XSHE,-0.000363914373000576
688005.XSHG,0.002648579590110528
688029.XSHG,0.0011109059442805103
300638.XSHE,0.00034526490725497814
301323.XSHE,-0.00039602281679089804
300815.XSHE,0.0007510764373040252
600666.XSHG,0.0006903195474553436
000758.XSHE,0.0007612382017499897
000861.XSHE,0.0006153026734299037
300733.XSHE,0.0007287441321411332
300442.XSHE,0.0023203076377831485
301070.XSHE,-0.00038645667530035494
002423.XSHE,0.021442538106579215
301267.XSHE,0.002180941177673563
300515.XSHE,6.698122160117385e-05
688207.XSHG,0.0007021821843936104
002637.XSHE,0.00030659173135382943
301027.XSHE,0.00013019801234236117
301378.XSHE,-0.0005685454817240807
301136.XSHE,0.0003717065181330318
688025.XSHG,0.0004851333657808524
603048.XSHG,-0.0003781884527921641
002898.XSHE,0.0001419823571126638
300845.XSHE,-0.00023102578889112803
300995.XSHE,-0.0005808444447977534
601168.XSHG,0.01824168350423268
688208.XSHG,0.004131745200572472
300192.XSHE,-6.985119043238384e-05
002360.XSHE,-0.0002789024768638355
003035.XSHE,0.016150476045178056
002666.XSHE,0.0003089198407221587
600783.XSHG,0.0007901061216398575
600182.XSHG,0.0008754944092144468
600358.XSHG,0.0006493133949692214
002960.XSHE,0.0020460032882061024
603577.XSHG,0.0006086824140995608
600827.XSHG,0.001635053703278934
000897.XSHE,0.002051788413161129
002587.XSHE,8.609505879326486e-05
002588.XSHE,0.0005904367897706043
300993.XSHE,-0.0002501722797177925
688484.XSHG,0.00040250678636158984
300446.XSHE,0.0002548816567232703
600017.XSHG,0.00858873204596912
600875.XSHG,0.006333205615973107
688173.XSHG,0.0019371219162272865
600326.XSHG,0.0006235919044415277
603908.XSHG,-0.000185894036887645
603222.XSHG,0.0013121105602535007
603877.XSHG,0.0034369028164536325
002538.XSHE,0.0011622863265987643
000860.XSHE,0.0022895533920397333
000536.XSHE,0.005484586749568699
300760.XSHE,0.01173671817650582
301082.XSHE,-8.13151271632954e-05
600449.XSHG,0.0007350793749318193
688696.XSHG,-9.355868749894367e-05
000895.XSHE,0.0016586496038744458
002234.XSHE,0.0008010369799459693
300211.XSHE,-0.00023638389256111053
603595.XSHG,0.0007764585591171224
002426.XSHE,0.0055811196319306075
300233.XSHE,0.001157999056865274
600623.XSHG,0.0003466588919963413
002895.XSHE,0.004163041132086126
002981.XSHE,0.0001807354668797355
603727.XSHG,0.0019554962677676775
000600.XSHE,0.0011260187677522224
002299.XSHE,0.004756356971042559
002422.XSHE,0.0017925252877577234
688373.XSHG,0.0028752371374243563
300050.XSHE,-8.562550501773616e-05
603920.XSHG,0.003000621178019094
002313.XSHE,0.0006914354822679537
002322.XSHE,0.00011914760849818229
001267.XSHE,0.002910229003776471
603267.XSHG,0.001341075142386423
002816.XSHE,-1.778949694600544e-06
000697.XSHE,0.0009120109745247506
002903.XSHE,-6.975899937281763e-05
603662.XSHG,0.0007518072162192362
688116.XSHG,0.0019460435103322584
600906.XSHG,0.012740420852064388
600027.XSHG,0.04000362628610667
000960.XSHE,0.004650309339562583
300655.XSHE,0.0006981027826919598
002685.XSHE,0.0021622375660510346
301012.XSHE,-0.00019895573006352668
600165.XSHG,0.000598691493833144
000708.XSHE,0.012527779670820643
000882.XSHE,0.008645582307510315
002020.XSHE,0.0002376444340720196
688206.XSHG,0.0011933601641026768
300554.XSHE,-0.00027108416942144215
301396.XSHE,-0.0003201194637430762
600159.XSHG,0.0009440589906423806
300592.XSHE,0.0010909704557927715
300070.XSHE,0.0015872025725020464
688677.XSHG,5.439750783587082e-05
300012.XSHE,0.0007135470619052684
600810.XSHG,0.001706927030466203
600755.XSHG,0.0005505520694512809
601086.XSHG,0.004451950821065389
603665.XSHG,0.00036858648567181327
300866.XSHE,0.0021681302685039087
603038.XSHG,-0.00011819420180271556
300998.XSHE,-4.896390908357975e-05
300468.XSHE,0.0005507664233688767
600560.XSHG,-0.00023563122604709682
600125.XSHG,0.0003247261024895417
002435.XSHE,0.002293423669859416
002980.XSHE,9.286236000417727e-06
600109.XSHG,0.0036605006852774057
688131.XSHG,5.524407305419353e-05
002369.XSHE,0.0006905949650105614
600888.XSHG,0.0006508703423888146
300381.XSHE,0.0001220894420154578
002935.XSHE,0.0005265245130522012
300453.XSHE,-8.244633441235926e-05
603160.XSHG,0.004453624230595769
688425.XSHG,0.014019772671984291
002354.XSHE,0.005259810100181902
002224.XSHE,0.00029386236608841586
688187.XSHG,0.0026730848109016683
601375.XSHG,0.032608971463879186
300570.XSHE,0.0005360116083979247
300761.XSHE,0.002873950146080275
603938.XSHG,0.0009642773317362871
603239.XSHG,0.00013500709866568904
301032.XSHE,2.3608748545290797e-05
600971.XSHG,0.0007307056619145966
000921.XSHE,0.006239049082822717
000825.XSHE,0.006811775113010089
300766.XSHE,0.003091405008851931
603822.XSHG,-5.610340940558154e-05
603058.XSHG,0.002982879625660036
301112.XSHE,-0.0003424508021476992
600874.XSHG,0.00639922828713936
300530.XSHE,-6.515837444041243e-05
688480.XSHG,-0.0004440427304186066
600189.XSHG,0.002167287742518444
002999.XSHE,0.0015830090279755178
300826.XSHE,-7.8789484595429e-06
002746.XSHE,0.0011456435394003326
002413.XSHE,0.002091354532053626
601065.XSHG,0.0011320251582176814
600584.XSHG,0.003825941250791704
300493.XSHE,0.000680849550831766
300190.XSHE,-2.0429064512078056e-05
002683.XSHE,0.002159085936685286
300940.XSHE,-0.00013002013307440892
000541.XSHE,-3.8032355254129084e-05
002958.XSHE,0.04314564607426219
001872.XSHE,0.003761088254569337
300163.XSHE,-0.00020980792328940089
688209.XSHG,0.0023635580812114312
600633.XSHG,0.001368950930412107
000607.XSHE,0.001779033308010601
600929.XSHG,0.009528693486716703
603477.XSHG,0.004709345178596917
300360.XSHE,0.00028613994821028967
002290.XSHE,0.0001994055704493691
688073.XSHG,-0.0002753604519758831
688036.XSHG,0.007991261190535842
300112.XSHE,-0.00010808940534258915
603311.XSHG,0.0013959784738680624
002524.XSHE,0.0004439993165050001
000533.XSHE,0.0023182142849919388
000970.XSHE,0.0003940858919672773
603596.XSHG,0.004253424605210485
300875.XSHE,-0.00019859721716130837
001231.XSHE,-0.0004674256204374924
300456.XSHE,0.0007897820589707888
601567.XSHG,0.0024830862775459986
603676.XSHG,0.003483431372202898
688077.XSHG,3.8705148719389224e-05
002376.XSHE,0.0007169194878460638
300977.XSHE,-0.0006011102780734989
601800.XSHG,0.08610076055365565
300503.XSHE,0.0002644585648762497
001236.XSHE,0.002951984117333207
603036.XSHG,0.0011823927202662694
300505.XSHE,0.0001868462642779326
002584.XSHE,0.0010981380720055918
300952.XSHE,-0.00027317767549482754
600565.XSHG,0.0014146486844135808
600312.XSHG,0.0018166960473545118
000046.XSHE,0.0009563854038884558
002274.XSHE,0.002193966742873977
002991.XSHE,1.4389555117609663e-05
000655.XSHE,0.00038499434886415116
600805.XSHG,5.64570984171852e-05
600650.XSHG,0.00030419517121734363
000042.XSHE,-9.355086607705531e-05
603228.XSHG,0.0037603906202425303
600481.XSHG,0.0016240240948644966
000532.XSHE,7.231497860970659e-05
688083.XSHG,6.93705050333853e-05
000756.XSHE,0.0018998755101158836
300174.XSHE,0.00042184002045280583
300692.XSHE,0.0005329148370741403
000809.XSHE,0.002108592350209211
000568.XSHE,0.0007255152531022626
603298.XSHG,0.0055926623187772485
600765.XSHG,0.001125582617398303
002264.XSHE,0.0007579249933398517
600605.XSHG,-0.0005531108533494626
300599.XSHE,0.0012253361638205542
002460.XSHE,0.0011591834491631466
688270.XSHG,0.0003634502820254567
301069.XSHE,0.0009737334466985619
000949.XSHE,0.0022941189671083304
600704.XSHG,0.00214061079948134
603829.XSHG,0.0007368668772277843
601288.XSHG,0.12041162939818316
002886.XSHE,0.00010309453373115712
603866.XSHG,0.0039010579117616287
002379.XSHE,0.0006003957699185748
002508.XSHE,0.0012081997088123012
601688.XSHG,0.0564410239132481
301053.XSHE,-0.0005900257547777419
603655.XSHG,0.00025420389709593285
605388.XSHG,0.0036358902585550677
688339.XSHG,0.00017991605732069974
688562.XSHG,0.00031774557300740723
601377.XSHG,0.03229522311805351
600127.XSHG,0.000695601512565296
605050.XSHG,0.004090366876182024
600218.XSHG,0.001318727219069413
600872.XSHG,0.0005882047367805047
688362.XSHG,0.002425737972944883
300293.XSHE,5.8549020664233425e-05
301358.XSHE,0.0012492816233140992
688502.XSHG,-0.000188681610522739
603227.XSHG,0.0031367418916532857
301336.XSHE,-0.0006216291414678748
002298.XSHE,0.001436560316026004
600461.XSHG,0.0015216604318739786
300873.XSHE,0.00043440780083132144
300747.XSHE,0.000896528400710123
002166.XSHE,0.00019084411910759197
000859.XSHE,0.001792581647275148
601608.XSHG,0.02704566555645195
600611.XSHG,-0.0004339903180867541
301113.XSHE,-0.0006295157670167897
300890.XSHE,0.00031042314129455645
002388.XSHE,0.0006034576996197281
601061.XSHG,0.0049580393585294535
688552.XSHG,0.0003783921337621237
002613.XSHE,0.0010179505099338739
601665.XSHG,0.020537776751660738
002391.XSHE,0.00014360284320675924
002048.XSHE,0.0003383439236508398
002130.XSHE,0.0002137513515951023
688133.XSHG,0.0003396762157251742
300045.XSHE,0.0003927481320046307
600844.XSHG,0.00047897927066857277
300229.XSHE,0.0012131698774085215
300133.XSHE,0.00033167202856343133
300351.XSHE,0.00010626560873759633
688798.XSHG,0.0007669567659082579
002259.XSHE,0.0021476625263006587
301507.XSHE,0.0003879314538853132
601336.XSHG,0.017318923137466826
603399.XSHG,0.002924978787614398
603429.XSHG,0.00011532963075868298
000719.XSHE,0.0012507209726235215
300290.XSHE,0.0004196767342188088
002522.XSHE,0.00038486344354737693
688065.XSHG,0.0028118079711751047
002510.XSHE,0.0015306108346861249
600955.XSHG,0.003234207855865187
600375.XSHG,0.0011129308482303777
603896.XSHG,0.0010405750860343536
300900.XSHE,0.0009704596566465482
002086.XSHE,0.0007295167971832581
600966.XSHG,0.0014342130061092328
002848.XSHE,0.000805570252130008
688701.XSHG,-0.00031567170249863685
300882.XSHE,0.0008409080185190777
600599.XSHG,-6.471379409924425e-05
000090.XSHE,0.0017265559245966558
000838.XSHE,0.00017775681062634952
002865.XSHE,0.001193896758825242
600725.XSHG,0.000834085937121283
000065.XSHE,0.00018448421015215697
600020.XSHG,0.004744238829805583
688389.XSHG,0.003767908545533279
603871.XSHG,0.0005587224681207536
301043.XSHE,-0.0006289974474039302
601963.XSHG,0.005967141310928309
601588.XSHG,0.0203514632245432
600332.XSHG,0.008837477851590851
002275.XSHE,0.002530951931989119
300871.XSHE,0.0002878572099887476
605376.XSHG,0.0012725566739338933
600547.XSHG,0.0019401892348906574
603378.XSHG,0.001341002743647986
000506.XSHE,0.002452781460900905
002476.XSHE,0.0005083387478487145
603535.XSHG,0.0008230281295357402
000554.XSHE,-0.00012839419460169965
000851.XSHE,0.004266633568074127
601827.XSHG,0.01525271552356306
603196.XSHG,0.0014419713809741387
603538.XSHG,0.0006121705232554158
688196.XSHG,0.0005199762915426524
600284.XSHG,0.002124121096301757
000999.XSHE,0.004662272007504218
002022.XSHE,-0.00018852138919896085
301301.XSHE,0.002065611293378879
601728.XSHG,0.12041162939818316
605117.XSHG,0.0005219230233629704
603725.XSHG,0.0006017208894907273
300652.XSHE,8.87057132043787e-05
002226.XSHE,0.001099092293070942
603040.XSHG,-0.00014473379651126013
000727.XSHE,0.005604736423875332
300799.XSHE,0.00030801141691086116
603369.XSHG,0.004720201836495592
300663.XSHE,0.0007287283669065291
603213.XSHG,0.0008812309083405915
688008.XSHG,0.011377899111375442
600884.XSHG,0.0004893261893492867
002256.XSHE,0.0003290876440854314
002627.XSHE,0.001446620543851254
002610.XSHE,0.0032114347256306224
300022.XSHE,8.674452790631668e-06
688379.XSHG,1.948907015735619e-06
300562.XSHE,-0.00027976763346235987
002064.XSHE,0.004149585579970807
002347.XSHE,0.0005049135980769355
002561.XSHE,0.0022260302261659544
000503.XSHE,0.0006332034024444562
600847.XSHG,-5.364718733792532e-05
300053.XSHE,0.0009072016889136575
600658.XSHG,0.001016405939257236
603061.XSHG,-0.00039054986330405044
002585.XSHE,0.0019477508901897247
000539.XSHE,0.0012914106750975005
002927.XSHE,0.00016715311708444518
300757.XSHE,0.00035159681935802324
603885.XSHG,0.007423256747936391
688508.XSHG,0.0006540198810959478
605007.XSHG,0.0033415742518864045
000559.XSHE,0.000638249883445516
002227.XSHE,0.00048519912221154217
002887.XSHE,-0.0003698298721131282
301087.XSHE,0.00025483529642165184
600021.XSHG,0.011589144739700645
688072.XSHG,0.0007681955223171149
300035.XSHE,0.00030622837237143455
600351.XSHG,0.0005113197372683991
000564.XSHE,0.016514561042506322
002500.XSHE,0.02930219027153307
300776.XSHE,0.0001785249404727121
300162.XSHE,-0.00024385964197711667
603219.XSHG,0.0006269365690087283
300043.XSHE,-0.00019025377646635165
301548.XSHE,-0.0005009182871931776
605208.XSHG,0.00023350496463847396
000777.XSHE,-3.439880937553799e-05
300538.XSHE,-0.0002538048863095408
600121.XSHG,0.0019130618408911562
300658.XSHE,-8.278541745546553e-06
600232.XSHG,0.0003338182940418095
688326.XSHG,0.0005880760482779929
301281.XSHE,-0.0004219538883911908
600903.XSHG,0.007662749033298398
600537.XSHG,0.0021557031212770584
600101.XSHG,-0.00010831708046398121
603939.XSHG,0.001927868726644649
000610.XSHE,4.825457083047855e-05
000850.XSHE,0.00032188577008284715
300203.XSHE,0.0038641301548806646
300636.XSHE,0.00017707591457678318
002307.XSHE,0.00207534409867318
002947.XSHE,0.0004521509759150843
002634.XSHE,-0.00014543762337520952
002529.XSHE,0.0012787401150479048
300257.XSHE,0.0012161945765251114
300332.XSHE,0.0035804535546765247
300719.XSHE,0.0004556890023330218
002436.XSHE,0.0010471413876593973
300046.XSHE,-0.00010318714622757294
600167.XSHG,0.005366370649121952
000902.XSHE,0.002940217753197803
000630.XSHE,0.0034517054649065545
688511.XSHG,-0.0003681877362689084
002037.XSHE,0.0005390460332348795
300683.XSHE,0.0006182536980985024
600435.XSHG,0.000910394752157412
600168.XSHG,0.002417878502139322
000498.XSHE,0.004527655075570711
002269.XSHE,0.004977784005751481
603630.XSHG,0.0009671712376256741
600132.XSHG,0.0008613053527204897
603203.XSHG,0.0003642386579819187
600266.XSHG,0.0031739976704403036
600868.XSHG,-4.223956132422594e-05
600825.XSHG,0.0002543194401256368
300558.XSHE,0.0039841513416656905
600796.XSHG,-0.00023578341436362142
688317.XSHG,0.0005237185908686698
600316.XSHG,0.0010974597266000016
688366.XSHG,0.0011642762485981597
300673.XSHE,-9.264027571049855e-05
000592.XSHE,0.002339238471713405
300139.XSHE,-0.0002806655607644351
000514.XSHE,0.0009705302881383894
688479.XSHG,-0.0003159543312444695
688576.XSHG,-0.000458897949902786
300055.XSHE,0.0002491520518570923
300111.XSHE,0.004381396876176473
300905.XSHE,-0.000194057595938201
603365.XSHG,0.001460775400765737
300651.XSHE,-0.00035111965756169286
600305.XSHG,0.0007663564362099417
002077.XSHE,0.0035715080846790005
300533.XSHE,0.00018105758367028646
001328.XSHE,-0.00014601259892173718
688085.XSHG,0.0014855509745872483
301157.XSHE,-0.0005993631605935088
600566.XSHG,0.003870367881936151
600459.XSHG,0.0009444689025602246
603801.XSHG,0.0009850225321112803
600699.XSHG,0.003175687678164359
003012.XSHE,0.010715901139622529
002032.XSHE,0.0008981403658972352
600751.XSHG,0.003693544842888939
300087.XSHE,0.00012073553633659543
301388.XSHE,-0.0005197584221987119
002938.XSHE,0.02091236185064906
688070.XSHG,-0.00031583555805168916
300965.XSHE,-0.0005251902013769589
601107.XSHG,0.015259061491122737
002851.XSHE,0.0015028559345513343
000507.XSHE,0.0010329075235689324
002121.XSHE,0.0005276714710495578
002953.XSHE,0.0004813027125324408
600703.XSHG,0.002565495764868316
688392.XSHG,-3.16912163113945e-05
301227.XSHE,-0.00040192482049685076
688253.XSHG,5.701014705356423e-05
688601.XSHG,-0.00011968921200178025
000801.XSHE,0.0002745215721443049
002414.XSHE,0.002361555967169013
003006.XSHE,0.0035732763010367023
301357.XSHE,-0.0004756839761303533
603326.XSHG,0.0007877929483264899
603988.XSHG,-7.980934165725513e-05
603858.XSHG,0.004873122863429695
600744.XSHG,0.004465801582177003
300622.XSHE,-0.000142943271814564
002779.XSHE,4.0885928479320825e-05
301505.XSHE,-0.00047320064893779966
605055.XSHG,0.0002871721587359052
688671.XSHG,-0.0005390218191282225
600829.XSHG,3.240110171096283e-05
601069.XSHG,0.006396957787720037
603886.XSHG,0.0011830866666642053
001376.XSHE,0.00016490480371983461
688799.XSHG,-7.80096085099193e-05
600322.XSHG,0.0027689992847256856
000822.XSHE,0.003116511234053512
601101.XSHG,0.002938620783969402
603826.XSHG,0.0034692311142676202
002015.XSHE,0.0017192286839723173
301127.XSHE,0.0018421842282769344
601100.XSHG,0.004108940222560006
688217.XSHG,-0.000443018792822622
002408.XSHE,0.0028366841700867536
300121.XSHE,-2.1484831277253195e-05
300164.XSHE,0.00014042794700327087
003008.XSHE,-0.0002582596344251417
688658.XSHG,0.0014838117950477074
688181.XSHG,0.0002914336482291516
002129.XSHE,0.00783296319728795
601689.XSHG,0.007300372180863909
300726.XSHE,0.001756572905501717
002917.XSHE,0.0003933468895304826
603366.XSHG,0.002651408557282545
600105.XSHG,0.0007681299399263023
688102.XSHG,0.0018091635078483314
002389.XSHE,0.0014263937529318696
603002.XSHG,0.002920091195726475
300106.XSHE,0.0005358085241004875
002506.XSHE,0.005787711845169738
600081.XSHG,-3.520376188166635e-05
601989.XSHG,0.12040671057458721
002479.XSHE,0.0013686899844399503
002559.XSHE,0.0001895983948158523
600346.XSHG,0.0068913608941279045
603338.XSHG,0.0006153232483113143
688800.XSHG,0.0002807442805348109
002222.XSHE,0.0012877913990637605
300639.XSHE,0.00040254307813065884
605151.XSHG,-0.0001338846188992112
688316.XSHG,-0.00040282946443011486
603990.XSHG,0.00027565969988351826
300853.XSHE,-0.00010166346685440539
300587.XSHE,0.0006239545761997573
301178.XSHE,-0.0004942461108067659
300852.XSHE,-0.00011137948527079652
301021.XSHE,5.445262117208705e-05
600289.XSHG,-0.00010752674102235897
603958.XSHG,0.0012923414888963368
002469.XSHE,3.205420886003929e-05
300334.XSHE,0.0005387347280311364
603135.XSHG,0.0004434522705191387
000735.XSHE,0.001422448498982229
600149.XSHG,0.0004843491865636323
300154.XSHE,-9.248051160012005e-05
301296.XSHE,0.0021484899721476857
301110.XSHE,-0.00045514656233778877
600871.XSHG,0.054695492233185344
300735.XSHE,0.003597350312426492
600491.XSHG,0.0009189161219710454
601866.XSHG,0.06975198894378903
002041.XSHE,0.00037532993149490696
301312.XSHE,-0.0004308031232664854
605081.XSHG,-0.00034773795268063304
300335.XSHE,0.0007184444112194302
600160.XSHG,0.002495732037313923
600543.XSHG,0.00043842645131086477
601615.XSHG,0.021593664752643946
002101.XSHE,0.0009613541735120029
688500.XSHG,-0.00010082053696932095
002112.XSHE,2.1684983095110965e-05
688591.XSHG,6.541599957058167e-05
603722.XSHG,0.00020206758911087825
600216.XSHG,0.001167012570531705
002791.XSHE,0.0008271945427340034
300691.XSHE,0.000169209421259848
600381.XSHG,0.005193022470467438
601898.XSHG,0.0687099739675522
601158.XSHG,0.027684208172030992
300547.XSHE,-0.00022237323769684598
002965.XSHE,0.0007741801059922596
603507.XSHG,0.0007100236118599083
000002.XSHE,0.0008767299139134347
603209.XSHG,0.0006974032411213936
601106.XSHG,0.06796928616197363
688113.XSHG,-0.00031924123774730806
000880.XSHE,-0.00026234706025450116
300780.XSHE,0.0003408349718840972
603193.XSHG,0.000124998393000554
603516.XSHG,0.0002397993974321671
600333.XSHG,0.0015981242503401226
002626.XSHE,0.0004240515817788366
002372.XSHE,0.0015635785429994771
603963.XSHG,0.00022530270024012774
002554.XSHE,0.0006739334980999736
300242.XSHE,0.0005083746016370462
605189.XSHG,-0.000379986090575242
688385.XSHG,0.003185863730470014
002777.XSHE,0.00046209652688025964
002891.XSHE,0.0006691587226268208
002183.XSHE,0.0014365622655084563
300751.XSHE,0.0003947008246935853
001331.XSHE,-0.000409599347283424
002649.XSHE,0.0006078420599680845
002780.XSHE,-0.0001609117426066355
300653.XSHE,0.00020551891775131724
002630.XSHE,0.0010685939329320728
600306.XSHG,0.0002724268038625863
002194.XSHE,0.0008726005718781194
301311.XSHE,3.509208405216933e-05
301376.XSHE,-5.544433184559558e-05
600738.XSHG,0.00041879350895607584
603186.XSHG,0.0007916744971602638
600622.XSHG,-0.0005654778602530019
300552.XSHE,0.0002373358939814445
300670.XSHE,4.071659315744243e-05
300792.XSHE,0.00022708115288265582
600550.XSHG,0.0020018962531620182
600600.XSHG,0.004294715539093597
002242.XSHE,0.0010416330236778036
300369.XSHE,0.0004555574090255246
600681.XSHG,0.0009077880806116816
601326.XSHG,0.040929741646564564
688510.XSHG,0.0010565788617945796
688247.XSHG,0.0008560789204040036
688599.XSHG,0.021273767287986703
300823.XSHE,-0.0003355724289730395
300463.XSHE,0.0011633735095993843
002017.XSHE,0.00020896408801664807
000981.XSHE,0.00944037404905117
300270.XSHE,-0.0004274455686352948
002080.XSHE,0.003153369015759564
001380.XSHE,-0.00027209866359944733
000031.XSHE,0.0018469200808244402
002176.XSHE,0.001142618189132365
002676.XSHE,0.0008817542988682049
603669.XSHG,0.0016259407846034894
600285.XSHG,0.0003303374602546995
300982.XSHE,0.0001778741851256847
300395.XSHE,0.0005359154251214225
301005.XSHE,-0.0004461150950905632
002027.XSHE,0.010121636826930734
002425.XSHE,0.0015765917913563438
600651.XSHG,-0.0003931345083060874
688100.XSHG,0.004556210949191292
603155.XSHG,0.00090287238871173
601702.XSHG,0.00957386961716352
605566.XSHG,-0.0001102354330591495
688561.XSHG,0.004619901033726381
002205.XSHE,3.689453526104034e-05
601058.XSHG,0.0058863737091418835
002085.XSHE,0.002333724845754894
002766.XSHE,0.0036059836192407716
300540.XSHE,7.691460745260794e-05
603721.XSHG,0.0002763036200083512
300127.XSHE,0.00035695184887513337
600521.XSHG,0.0006742291828802182
300165.XSHE,-0.00011303231652268144
301386.XSHE,-0.0003105825455217106
603060.XSHG,0.0016385128217074373
603700.XSHG,0.0006584697613838707
601568.XSHG,0.019339397672987035
002342.XSHE,0.0032083409556818354
301206.XSHE,0.00015284183816676605
688015.XSHG,0.0011068806365215123
300339.XSHE,0.0010859818393068024
688501.XSHG,-0.00019966868191048073
603556.XSHG,0.0028484208610215934
002215.XSHE,0.0005325586137289777
600345.XSHG,0.00036376898253701496
688420.XSHG,-0.0005749748513810192
301419.XSHE,-0.0003906311856279726
301081.XSHE,-0.00014077716177106835
301151.XSHE,-0.00013558680362020048
001207.XSHE,-5.6910525768239244e-05
600778.XSHG,-9.587267830804492e-05
601001.XSHG,0.006947460817450369
601398.XSHG,0.12041162939818316
603677.XSHG,-3.719811723958393e-05
002948.XSHE,0.02347529216131563
600488.XSHG,0.001010170891930428
002749.XSHE,1.0653482815956602e-05
300737.XSHE,0.004486441324928624
603768.XSHG,0.0013445907026537925
688610.XSHG,-0.0005305062940125339
300099.XSHE,-0.0002165065888685263
603759.XSHG,0.0006549228683405345
300430.XSHE,4.0787173245552914e-05
002928.XSHE,0.004977937456189079
300864.XSHE,-0.00021223045804183975
600223.XSHG,0.004975655641922139
001301.XSHE,0.0003153042767773533
300994.XSHE,-6.329903544005427e-05
603081.XSHG,0.0031867041288952116
688368.XSHG,0.0001384928447905982
000948.XSHE,0.0010006956243112728
300272.XSHE,6.0888632746201074e-05
000605.XSHE,0.00012450839753487498
605318.XSHG,0.00041868509305704603
600997.XSHG,0.002962021398288478
600717.XSHG,0.0005716144595078365
605166.XSHG,0.0022946977710881777
301331.XSHE,-0.00047211126873126824
002380.XSHE,-0.00017470317756849573
603225.XSHG,0.0072087707935631976
600510.XSHG,0.0010940400129670722
000893.XSHE,0.003905842613357433
603900.XSHG,0.0012621252792675106
688265.XSHG,-0.00022151333331073557
002066.XSHE,-3.8773523660547734e-05
002246.XSHE,0.0027804393536255516
600338.XSHG,0.004518433060851064
300407.XSHE,-0.00019637118789858675
000422.XSHE,0.00031295139379797226
301091.XSHE,0.00032931988834858513
002985.XSHE,0.000633165397517246
002167.XSHE,0.000313417967676746
301031.XSHE,-3.782891238652999e-05
301333.XSHE,-0.00013372247512632974
688258.XSHG,0.0002851697529070396
603303.XSHG,0.0015660319938871029
002144.XSHE,0.00035909294983134746
603176.XSHG,0.0007655806410232904
002701.XSHE,0.0023048335808228625
603444.XSHG,0.00040595654116778004
300920.XSHE,-0.00034746941277076135
600898.XSHG,-0.00014362904375450885
603306.XSHG,0.0011045047490162055
688130.XSHG,-0.0005718922559411514
688151.XSHG,0.0004942245430382079
300398.XSHE,0.000552371555584378
301056.XSHE,-9.650738708300434e-05
601868.XSHG,0.12040880426985293
000672.XSHE,0.000725603269783289
002081.XSHE,0.0005221892462485044
600679.XSHG,0.0005943788475653702
000711.XSHE,0.00012120863059394114
603291.XSHG,-6.90321749021363e-05
600452.XSHG,0.0009237969008886304
605116.XSHG,0.003521743938887534
600261.XSHG,3.341328730499429e-05
300705.XSHE,0.00037800577595551886
000686.XSHE,0.0014698760678072717
002797.XSHE,0.024919772930811605
300363.XSHE,0.0010379494489632225
002136.XSHE,0.0002184584668054188
600037.XSHG,0.0021781795980182947
000737.XSHE,0.0014714422332651805
603188.XSHG,0.0018369188920821212
688108.XSHG,0.003540696394121104
002689.XSHE,0.0021786068357153685
000652.XSHE,2.0401583063283713e-05
688410.XSHG,-0.00015679210091845003
002348.XSHE,0.0006182638897996153
603557.XSHG,0.003647627192971955
000048.XSHE,0.0001746445377910034
300029.XSHE,0.0010328122004580056
688266.XSHG,0.0013837005722045774
600570.XSHG,0.0005965707436010162
301158.XSHE,-4.047792591340945e-06
300193.XSHE,0.0008685664116051529
600420.XSHG,0.0010071033650026033
600708.XSHG,0.0011911745889872753
300836.XSHE,-0.0005521810203808727
300016.XSHE,4.464944174092022e-06
300326.XSHE,6.498284574989882e-05
601598.XSHG,0.042493165603440214
600258.XSHG,0.004349635004261498
300117.XSHE,0.00022574242856602947
601177.XSHG,0.0031996525746953025
301197.XSHE,-0.0001200742424811922
300249.XSHE,9.611223192642281e-05
001979.XSHE,0.05965748082434873
603520.XSHG,0.0006054033727257052
001336.XSHE,-0.000510938710049447
300833.XSHE,3.8033494077717466e-05
603299.XSHG,0.006503360282544261
300889.XSHE,0.00010758695013188388
003000.XSHE,0.001581750992384605
600278.XSHG,0.0025328179767938348
002806.XSHE,6.631384745846367e-05
601555.XSHG,0.037761886751137896
601456.XSHG,0.023474829837992994
002598.XSHE,0.0004432033572298673
688472.XSHG,0.0043378007844695225
002735.XSHE,-8.78207789137298e-05
002769.XSHE,-5.019674749758712e-05
600129.XSHG,0.0017435776611870206
300771.XSHE,-5.970260501505142e-05
300187.XSHE,1.0232476361368855e-05
300946.XSHE,-0.00045723089394152506
600808.XSHG,0.023482285311188875
300614.XSHE,0.00022768275981428201
002586.XSHE,0.0007929554155034859
301076.XSHE,-0.0003331353926872109
001914.XSHE,0.0008263150684509111
688787.XSHG,-0.00031318225686354574
300132.XSHE,9.58628773560119e-05
301152.XSHE,7.548082506220687e-05
605186.XSHG,0.0001318019703724358
001259.XSHE,-0.0006400164379610396
603533.XSHG,0.003952885258027811
003023.XSHE,-0.00044395434705391673
605488.XSHG,-0.00046604150016658577
601958.XSHG,0.021119773684302186
002459.XSHE,0.012832808758383501
600776.XSHG,0.0017098017660654903
603505.XSHG,0.0020741441107601094
002936.XSHE,0.04738562711789227
603558.XSHG,0.00018188269136656064
000513.XSHE,0.0006198256634325561
003042.XSHE,-0.0002444888872542082
301373.XSHE,-0.00043100136370992554
688267.XSHG,0.00011677524073028884
300025.XSHE,-8.934461720392435e-06
300466.XSHE,0.0001293851358769374
002793.XSHE,0.0025394155867708382
601929.XSHG,0.01459741154031333
300586.XSHE,0.0003525748968920177
600226.XSHG,0.0006512356926080227
600916.XSHG,0.007565860755541135
688157.XSHG,-0.00012019046176962623
002184.XSHE,0.00017608308886531328
002191.XSHE,0.0015959930742409528
688003.XSHG,0.0013883998057090826
002326.XSHE,0.0010690583715009016
002327.XSHE,-7.30158703047798e-05
002412.XSHE,-2.596978714487666e-05
002142.XSHE,0.028677211641760944
002229.XSHE,0.000732432755133398
002730.XSHE,0.00079201796679024
600851.XSHG,-3.333124141352003e-05
300185.XSHE,0.0038096047590481714
300219.XSHE,0.0008016368038601992
603995.XSHG,0.001983895041171328
300255.XSHE,0.0009031851080072298
688004.XSHG,-0.00031882565486591747
002677.XSHE,0.0003655577405974208
002158.XSHE,0.000969064630308126
688237.XSHG,-0.0002813235712832982
002979.XSHE,0.0008746276771245356
600773.XSHG,0.0009342055311222317
002614.XSHE,0.00024484819331209657
000010.XSHE,-0.00023646510592901702
000020.XSHE,8.465143673321398e-05
000990.XSHE,0.003482855187544696
002674.XSHE,0.0015041336234399598
300509.XSHE,-0.00023419655819635371
600497.XSHG,0.0021573983739500927
603345.XSHG,0.0027907846516989827
605180.XSHG,-0.0005152456476914223
600639.XSHG,0.0008656220079095774
600995.XSHG,0.0012008636778223227
301393.XSHE,-0.0001988470540033782
688507.XSHG,-0.00035787161079573485
300212.XSHE,0.0006606788241957164
601789.XSHG,0.003859456587994135
002083.XSHE,0.002400564874388198
002182.XSHE,0.0014046170608067062
000676.XSHE,0.0007585259945180757
002233.XSHE,0.003395660477299855
002570.XSHE,0.003591451786253855
688076.XSHG,0.0010681710672811135
003039.XSHE,0.0008349355327022779
601126.XSHG,0.00245928061143384
600965.XSHG,0.0032197966236895154
002628.XSHE,0.0011987800230256781
002856.XSHE,4.5741576481611763e-05
000593.XSHE,-0.00017143001007390458
000973.XSHE,0.0018633375388467455
003025.XSHE,-0.00035983195489554525
002652.XSHE,0.0001237902337115044
000403.XSHE,0.0006317057389177832
600007.XSHG,0.004884575616295021
603728.XSHG,0.003136063285685879
603733.XSHG,0.006165416603730851
688300.XSHG,0.0004763442194524342
301337.XSHE,-0.0004402406121991415
600016.XSHG,0.011371975515936543
603993.XSHG,0.05050398897539202
603882.XSHG,0.00441106659950012
000788.XSHE,0.000969296862912742
000521.XSHE,0.0009500980028616161
000887.XSHE,0.00036588905298870944
688165.XSHG,0.004685206579395717
600801.XSHG,0.0011411393885274908
688739.XSHG,0.0015401832958781708
002580.XSHE,0.00013127117349174763
600233.XSHG,0.006628666632561045
301439.XSHE,0.0004470387961517324
000931.XSHE,0.0031074995013686928
300076.XSHE,-0.0002883306057568034
601198.XSHG,0.02888560784834364
300039.XSHE,0.0003513796379878735
600790.XSHG,0.0006380762413843972
300722.XSHE,0.00024933414969502204
300295.XSHE,-0.00032013443042629445
601068.XSHG,0.025190875513724363
605011.XSHG,0.0008129325764477959
603680.XSHG,0.003547092139628377
688252.XSHG,0.0013828240399561748
000619.XSHE,-0.00041387518594405385
603208.XSHG,0.00019498567995898674
002956.XSHE,5.8137270362543106e-05
300986.XSHE,-0.0001645326690126786
002345.XSHE,0.0006031663466581773
002555.XSHE,0.001344373722503349
002745.XSHE,0.004274873179642389
300475.XSHE,0.0017142490411418622
601111.XSHG,0.09671816039903615
603355.XSHG,0.002969692470565991
300588.XSHE,0.00011726731943488837
002651.XSHE,0.0013420174297160367
688573.XSHG,-0.0005286133422289174
300068.XSHE,0.002878216051928616
603817.XSHG,0.004232092608767307
300637.XSHE,0.00041393197435952663
000856.XSHE,0.0003259157788124972
603279.XSHG,0.003253236868934278
301231.XSHE,-0.0002639763016644347
600252.XSHG,0.0004977928370309569
600593.XSHG,-0.00014708519194029214
688719.XSHG,-0.0003762665504949326
002457.XSHE,0.0005150240437039897
600572.XSHG,0.0013360784757108267
002899.XSHE,0.0003365121709906014
300426.XSHE,0.0002279010258424075
600392.XSHG,0.0015714324465598746
301160.XSHE,-0.00030611900796240714
000932.XSHE,0.028210984321649958
688485.XSHG,-0.00047523889277990643
301036.XSHE,-0.00042231757711068884
002253.XSHE,-0.00014240200058932397
000028.XSHE,0.0006749823020547601
601059.XSHG,0.0034157190650829705
601319.XSHG,0.12041162939818316
002717.XSHE,0.000519076407731697
688388.XSHG,0.0024332039211889963
002324.XSHE,0.0006098974295103315
300808.XSHE,7.147409434315869e-05
002116.XSHE,0.0003254000564293148
300338.XSHE,-0.00015911688517566839
688398.XSHG,0.0001188499036951894
002832.XSHE,0.0005436422887820128
688577.XSHG,-0.00016100229978610245
002905.XSHE,0.0008680389232782912
603216.XSHG,-0.00017732288591707044
688648.XSHG,-0.0003706629629260066
000785.XSHE,0.008286909266110762
000617.XSHE,0.016804962728490715
600996.XSHG,0.011214501081609478
603617.XSHG,0.0006578248152683642
300232.XSHE,0.00046359856866815013
000637.XSHE,-0.0006339340065514156
300559.XSHE,4.028647629100333e-05
600618.XSHG,-6.820723456460454e-05
600900.XSHG,0.06727255994781822
300388.XSHE,0.0005860630547537239
601668.XSHG,0.12041162939818316
300956.XSHE,-0.000230549812548387
002306.XSHE,0.00126075004982083
002398.XSHE,0.00024006599292045346
600309.XSHG,0.0010775736351611382
301099.XSHE,-0.0003423584541621858
600366.XSHG,0.0004429433246481491
301078.XSHE,0.0059804324196610446
600730.XSHG,0.00037118054426801155
603992.XSHG,0.0033903060341905866
301042.XSHE,-0.00030033909166769183
300676.XSHE,0.0038472448947407378
002671.XSHE,0.0006461074594441695
601965.XSHG,0.005262005364716913
600882.XSHG,0.0016332483147792622
600196.XSHG,0.0017133664603250383
688598.XSHG,0.0006143016327297989
600812.XSHG,0.0034237481931854597
000665.XSHE,0.0013983488719374608
688298.XSHG,0.0006752382590969822
300311.XSHE,0.00012914567656856603
000936.XSHE,0.0009000465253679019
301421.XSHE,-0.00017219046158501589
600107.XSHG,0.0005804571089358012
600280.XSHG,0.00039667308655420006
600816.XSHG,0.0016144465425954866
002620.XSHE,-6.206321889313019e-05
603100.XSHG,0.003031491289823581
603229.XSHG,0.0013736585253775468
002815.XSHE,0.0024604042290004035
600693.XSHG,4.158244695447882e-05
300694.XSHE,0.0012971835836219343
605333.XSHG,0.003957595216127258
600985.XSHG,0.005590747193438718
603876.XSHG,0.004371632245643408
688259.XSHG,2.7026123768282063e-05
688351.XSHG,0.0009158127120027674
301446.XSHE,-0.0005662604036940975
300125.XSHE,-7.993058114204624e-05
688075.XSHG,-0.0004009003831175696
300355.XSHE,0.0008486990126941509
300820.XSHE,2.092409930207358e-05
002084.XSHE,0.0011898666771872398
300323.XSHE,0.0018000693537369942
002661.XSHE,0.00020767585544619516
603685.XSHG,0.00015216910577285192
000811.XSHE,9.668174102225039e-05
601969.XSHG,0.019551619082913002
688089.XSHG,0.00046129682395158495
600060.XSHG,0.0020702017320847915
603810.XSHG,-3.2541579909402046e-05
600176.XSHG,0.002255034033324293
000070.XSHE,0.002134895597003088
688700.XSHG,0.0007241016293931331
603211.XSHG,6.856004149833955e-05
600067.XSHG,-3.084333610847538e-05
600340.XSHG,0.001162166019522025
688203.XSHG,-2.5835907667712027e-05
600136.XSHG,0.0010036569007438449
002918.XSHE,0.00029949623826206796
002235.XSHE,0.0006165522747407048
002795.XSHE,0.0003939750847489358
600368.XSHG,0.002422495988469218
601318.XSHG,0.038137536928919406
603603.XSHG,0.007359906755664084
688518.XSHG,0.0028812633015266346
000721.XSHE,0.0004527096485147597
301058.XSHE,0.0014769054332393733
603738.XSHG,0.00030558192215157925
600726.XSHG,0.0051536498527863335
603967.XSHG,0.0015880252498856884
688287.XSHG,0.0017156036683263548
300590.XSHE,5.5460593932570024e-05
603897.XSHG,0.0011605809970599793
300816.XSHE,-0.0003612141054464693
603959.XSHG,0.0018347100761632938
300152.XSHE,0.00021092106833925448
603629.XSHG,0.0008311623155647448
688343.XSHG,0.0006317580543906868
600363.XSHG,0.0011410880152699884
603278.XSHG,0.0013860784073869597
688010.XSHG,0.0008886371095772295
002997.XSHE,0.0014476776608477757
688146.XSHG,0.0004511868921061185
603999.XSHG,0.0016465019562556628
002210.XSHE,0.0020062100773273104
600684.XSHG,-8.113775629642046e-05
002966.XSHE,0.027998515290097156
002533.XSHE,0.0006585489012236222
600999.XSHG,0.03585135321905788
601010.XSHG,0.0031225890716472388
600179.XSHG,0.01519529533713286
688358.XSHG,0.00017969685765893305
002198.XSHE,0.0003521554771008155
600501.XSHG,0.0003822078790073131
603915.XSHG,0.004157449310060162
601089.XSHG,0.0016140669413661742
000803.XSHE,4.7733644968738246e-05
300497.XSHE,0.00022435027979545395
688127.XSHG,0.0035395203318070636
300949.XSHE,-0.0006180094347240765
002202.XSHE,0.004185036771707093
002311.XSHE,0.0026025801591906005
002209.XSHE,0.00015347653281594918
300829.XSHE,7.695928464821335e-05
300850.XSHE,0.00048698985224297444
301107.XSHE,-0.0005912407409829329
002644.XSHE,0.00035375310379112603
300092.XSHE,0.00013737395330704798
601678.XSHG,0.004239622874187742
002663.XSHE,0.0011219499939903704
300765.XSHE,0.0021381769120560187
603007.XSHG,0.00043627805146585123
300396.XSHE,9.484380120508947e-05
688123.XSHG,0.0008245343171107616
300036.XSHE,0.00045338324742088604
601187.XSHG,0.011166941865634685
600246.XSHG,0.0014511104216453539
603823.XSHG,0.0014277235427899821
000955.XSHE,0.0014726066822473075
600470.XSHG,0.0014144769359335065
300910.XSHE,0.0006149093221556783
600406.XSHG,0.0019182040146952792
600987.XSHG,0.0011141354961952165
688380.XSHG,0.0008865843429357481
688182.XSHG,0.0005555050092139503
600137.XSHG,-0.00023974369532719052
300298.XSHE,0.0005068473863837906
688177.XSHG,0.003931284240971164
002623.XSHE,0.0013717673520095032
603991.XSHG,8.440024390159162e-05
688621.XSHG,0.00012226330057969975
300607.XSHE,5.4587427706457854e-05
300030.XSHE,-0.00010619066298215955
002530.XSHE,0.001570712541708881
002114.XSHE,0.0009759204022654765
002174.XSHE,0.0026039089680033574
300495.XSHE,-0.00011921542225372351
300723.XSHE,0.0005358187472152745
002837.XSHE,0.0005055069999609417
603618.XSHG,0.0015302536830146254
300774.XSHE,0.0006118567408562229
001205.XSHE,0.00013056409412879244
603083.XSHG,0.0008228695062083113
300578.XSHE,0.0003998176997751491
300157.XSHE,0.0003723100265342075
300821.XSHE,0.010760176366679215
600355.XSHG,7.199527026541957e-05
688779.XSHG,0.0099262223837108
600387.XSHG,0.000638579755161388
300382.XSHE,4.6602465707778736e-05
688107.XSHG,0.0016894390058009188
301097.XSHE,-0.0005105300514370376
301010.XSHE,-0.00033382215425530016
600255.XSHG,0.0006770483761324357
600690.XSHG,0.001713029085760832
603693.XSHG,0.0054065090070441165
603010.XSHG,0.0005373543254191548
003029.XSHE,0.0004890763889271084
002787.XSHE,0.0003745871597303506
300225.XSHE,7.004549388220035e-05
600475.XSHG,0.0015411397295366715
603180.XSHG,7.585763472565238e-05
688698.XSHG,2.8043977219019845e-05
002216.XSHE,0.0003533081733222772
688722.XSHG,0.0005316640700850005
600075.XSHG,0.0010975014446939347
301018.XSHE,0.0006563060313231972
688371.XSHG,0.0005734979141537562
002317.XSHE,0.0004447848068498448
603308.XSHG,0.0042900770923837055
688602.XSHG,0.00033925896701728856
603919.XSHG,0.0025077432970577857
601996.XSHG,0.0017498047084476408
002404.XSHE,0.0001878377711979028
300418.XSHE,0.002793284477431634
003009.XSHE,0.0010759704629647688
000998.XSHE,0.0010382703767093963
688141.XSHG,0.0002611419539258472
600780.XSHG,0.0007130008712014845
688399.XSHG,-0.00017648716997604704
603619.XSHG,0.0034205119207487288
300702.XSHE,0.00034163702020252845
300044.XSHE,0.0003539955923973023
300581.XSHE,-5.558431236181807e-05
600500.XSHG,0.003327541659272326
600409.XSHG,0.0024750396969364973
601003.XSHG,0.0041937993012547
002424.XSHE,0.0008013827964023601
002640.XSHE,0.0006523289593416183
000823.XSHE,0.0011955142437103498
600644.XSHG,-0.00019030656813935864
000938.XSHE,0.004212225170409372
002486.XSHE,0.0012037857766008706
600186.XSHG,0.0029536666670490373
600606.XSHG,0.0008794838550395101
603933.XSHG,0.0003177632597955025
301277.XSHE,-0.0002401237762065397
301101.XSHE,2.0689478081693975e-05
300262.XSHE,-4.846678971867657e-05
002557.XSHE,0.0013173910383873723
002951.XSHE,0.0028046329825887365
300999.XSHE,0.005700189238032062
002270.XSHE,0.0027967387561907055
600980.XSHG,0.00014905170963373186
601113.XSHG,0.004563975237114014
300170.XSHE,0.0010252485737543165
300724.XSHE,0.0026104532756134817
601880.XSHG,0.0684898702773207
603776.XSHG,0.0002484632857980677
301246.XSHE,0.00014816715824299048
600116.XSHG,0.0027198027752706184
603839.XSHG,0.001450631966203281
688192.XSHG,0.0009951451176744475
688280.XSHG,0.004023227438413731
300669.XSHE,0.00015188224581131943
600660.XSHG,0.0005297553877856287
600293.XSHG,0.002838492443984708
301177.XSHE,8.920582122787886e-05
600103.XSHG,0.0037070606872445545
300904.XSHE,-0.0003750637844444662
301080.XSHE,-2.0026613752824416e-05
002602.XSHE,0.007214357399020071
300928.XSHE,-0.00011883450976775352
688327.XSHG,0.005178014449589426
000837.XSHE,0.0013905193577628764
688023.XSHG,0.0004290300338780685
688590.XSHG,0.0006103090848238012
001209.XSHE,-0.0005300664425451364
002240.XSHE,0.005000824303607846
601579.XSHG,0.0038450377565015636
603488.XSHG,0.001104424422496627
300805.XSHE,0.0022048634098651883
603005.XSHG,0.002116323633258387
600877.XSHG,0.00178817888584391
000980.XSHE,0.020368780768561714
300002.XSHE,0.0009724723248460887
301515.XSHE,-0.00045781791788237396
000702.XSHE,0.00016680933981323687
002553.XSHE,-0.00010564521012164341
601311.XSHG,0.003453786183233849
688022.XSHG,0.0006069363893971496
300989.XSHE,-0.000549737739054509
300080.XSHE,0.0043034185799998735
600716.XSHG,0.001306646249538243
301263.XSHE,0.0010036286595430065
688516.XSHG,0.00036495314309714893
600798.XSHG,0.0008198244760394521
600718.XSHG,0.00038387823583929816
601519.XSHG,0.006660845791774167
301257.XSHE,-0.0002572657344447177
002334.XSHE,0.00012238933775509682
000410.XSHE,0.005567648936038627
000692.XSHE,-0.0005234514334617772
002692.XSHE,0.0010312650467980476
688017.XSHG,0.0011113235641957338
002762.XSHE,-0.00031905594794000834
603103.XSHG,0.004079388398856478
603323.XSHG,0.008595348816798604
688629.XSHG,0.00032638216594680887
300292.XSHE,0.000637618947595562
002431.XSHE,0.0008749664778285993
300341.XSHE,0.0007101528961454609
300421.XSHE,0.0001342038874022791
600612.XSHG,1.1032769640387417e-05
001206.XSHE,-0.00028275683421953525
002405.XSHE,0.005710999342410031
688686.XSHG,-6.18027666368021e-05
002293.XSHE,0.0005625112994267149
603360.XSHG,0.00047974884482809106
603096.XSHG,0.0004986912089091285
688115.XSHG,-0.00036983885477335257
601595.XSHG,0.003174004248253758
688981.XSHG,0.020037093916244465
001288.XSHE,-0.00015473696798513632
301213.XSHE,-0.0004017391643948079
600960.XSHG,0.001537131345054837
688486.XSHG,-0.00030154183724464276
688088.XSHG,0.0037576211331695713
000705.XSHE,-0.0002145352405322459
603073.XSHG,-0.0004894823754836508
603258.XSHG,0.0017096435542551453
601933.XSHG,0.009846870103344616
300317.XSHE,0.0023638008759469743
688685.XSHG,-0.00023441206289018094
300886.XSHE,-0.0005436936554633958
688066.XSHG,0.0015744060878248685
603660.XSHG,0.0017614345727359352
301512.XSHE,-0.0005770276921772342
600359.XSHG,0.0016732247958139248
300844.XSHE,-0.0006868456239625697
603889.XSHG,0.0004567580131607837
300529.XSHE,0.002310983127160424
000952.XSHE,0.0006150668547484842
601788.XSHG,0.031241727242681146
301000.XSHE,-0.0005200617819254536
688296.XSHG,-0.0002625581677252087
003040.XSHE,0.0017196551909186338
601600.XSHG,0.12041162939818316
300736.XSHE,-0.00035748558701085024
000750.XSHE,0.004007939529295015
300263.XSHE,0.0004326062579295569
600893.XSHG,0.0075640218205584205
301489.XSHE,-0.00047767736788062616
300412.XSHE,-0.00015665675535625403
300423.XSHE,0.0003489929779528913
603416.XSHG,0.00042255659125843505
603439.XSHG,0.0035685666524227044
002125.XSHE,0.0010233414203125908
688565.XSHG,-0.0002770533868122942
600733.XSHG,0.00479092165486803
300129.XSHE,0.0006552506286760845
600610.XSHG,-0.00034072307860392857
688596.XSHG,0.002421207604723704
000530.XSHE,-2.5997488376542917e-05
301165.XSHE,0.0005517121823693578
603212.XSHG,0.0038419770463604683
301298.XSHE,4.421546809125609e-05
603633.XSHG,0.0008976050624791297
603392.XSHG,0.004580382659154453
001322.XSHE,0.0012165185640158757
002225.XSHE,0.003602816357577423
002755.XSHE,0.004802536556792954
002786.XSHE,0.0011197550787910501
000913.XSHE,0.001197432817045325
002866.XSHE,0.0005211138225086879
301195.XSHE,-0.00023664188970033852
600166.XSHG,0.002413233639449106
603666.XSHG,0.00025872022822678013
688153.XSHG,0.0009586272666759901
600941.XSHG,0.007136810938817703
600352.XSHG,0.0015843013456090197
600628.XSHG,-0.0004479532960911339
603067.XSHG,0.0018136317074067428
603997.XSHG,0.006546000029788066
000582.XSHE,0.0024128979075976175
600539.XSHG,0.0010006920382685663
600158.XSHG,0.0010428843795602548
600802.XSHG,0.00032566142239426473
300685.XSHE,0.0004011450429796886
301389.XSHE,0.00013442895787828106
002421.XSHE,0.0006173908480603266
002823.XSHE,0.00012751023725908093
688580.XSHG,7.068004373235394e-05
688657.XSHG,-0.0005668912884258836
300791.XSHE,0.0001336553821438916
603578.XSHG,0.00016453828088852077
600779.XSHG,0.0006690914896871254
300674.XSHE,0.003905564900862303
301029.XSHE,0.0018420977168332406
301297.XSHE,0.0003879651475380514
301119.XSHE,-0.0005228154171087261
600887.XSHG,0.000985698759632475
000589.XSHE,0.0011210293848284497
000789.XSHE,0.0006490823958940243
301428.XSHE,-0.0003642643300634383
600694.XSHG,-5.9240342111149314e-05
600740.XSHG,0.0015159171333731728
688001.XSHG,0.004056383533970775
002687.XSHE,-0.0001454980467570638
002828.XSHE,0.00028973377047736607
000786.XSHE,0.0014204214546888602
301302.XSHE,-5.2778099286970425e-05
300913.XSHE,-0.00013964652901376557
301395.XSHE,-0.00039073836760047525
603281.XSHG,0.00030445766919572683
300245.XSHE,3.185631981369053e-05
600192.XSHG,0.0017008890264711804
600369.XSHG,0.012538266669358363
688136.XSHG,3.883030137433348e-05
002638.XSHE,0.0020360419935556173
002517.XSHE,0.002955695396709889
300738.XSHE,0.00038263813595465533
300383.XSHE,0.0007052581066077867
000429.XSHE,0.0026391264342709546
601199.XSHG,0.0014008329616130512
688669.XSHG,-0.0003456528149503245
300969.XSHE,-0.0002464278795316706
603268.XSHG,4.509776955571008e-05
600249.XSHG,0.0005466318338923414
300688.XSHE,0.00012607372556434774
600967.XSHG,0.002847102268391713
603348.XSHG,0.002222262933976693
002099.XSHE,0.0019092302958876896
300575.XSHE,-0.00012019247868096409
688626.XSHG,0.00010183766882672379
300191.XSHE,-1.5900979379976539e-06
002919.XSHE,0.00030816773950131124
301109.XSHE,0.00013376269271479297
600688.XSHG,0.017894264272011073
001256.XSHE,-0.0004140547727181441
002463.XSHE,0.006110431883939823
300008.XSHE,0.0007884559982473713
300093.XSHE,0.0005583048666177866
300778.XSHE,0.00018128354022513456
600573.XSHG,0.0011232614334891304
300448.XSHE,-7.972872996155262e-06
688238.XSHG,0.002855396218748126
000937.XSHE,0.0025216257512209054
301017.XSHE,0.0006653065955157348
600455.XSHG,-0.00037165553528082697
600838.XSHG,-0.00040600885018236474
605339.XSHG,0.00023680319110622107
603071.XSHG,0.0017872184559782024
002565.XSHE,0.0006006121020276681
688190.XSHG,0.00012786075632946616
603683.XSHG,0.0005100199886058555
000019.XSHE,0.0002783680629622621
601020.XSHG,0.005003185258189526
300048.XSHE,0.0008068142691711901
002547.XSHE,0.0012731820554337239
300842.XSHE,0.0003932768525345481
002579.XSHE,0.000731886859249783
300405.XSHE,-0.00031201260524923774
002725.XSHE,5.615403218156047e-05
600319.XSHG,0.0013182290848153884
600313.XSHG,0.002133798924271904
300938.XSHE,-0.0003218837330990588
000717.XSHE,0.004019985308369983
605111.XSHG,0.0007456696500211052
002452.XSHE,0.00029166818370916
000677.XSHE,-0.0002736577862294591
300708.XSHE,0.0016346625018026158
605100.XSHG,6.442816473444934e-05
688202.XSHG,0.00019524785786295283
600984.XSHG,0.004436415390109655
603678.XSHG,0.0014474292346873894
000548.XSHE,0.0005969169516681855
301230.XSHE,-0.00019753959051062113
300899.XSHE,-0.0004780853949958607
300120.XSHE,0.0009030589327819784
002046.XSHE,0.0005337732575168869
001337.XSHE,0.00028352754202122613
301185.XSHE,0.0001642502050875728
688215.XSHG,-0.0005439185202062494
002236.XSHE,0.0006326602167707588
600000.XSHG,0.01918986039922252
000153.XSHE,-0.0001247988283641355
601636.XSHG,0.007072173175235102
300337.XSHE,0.0011272873635710808
600048.XSHG,0.005163755521136204
300543.XSHE,-0.0002885519956213115
301108.XSHE,-0.00038911040545835344
605118.XSHG,0.0034806840526133516
300801.XSHE,3.1914751169789856e-05
600279.XSHG,0.00421335996105358
000415.XSHE,0.002137256339328506
000968.XSHE,0.004595276216031986
601949.XSHG,0.016061486136897604
002545.XSHE,0.001611920267139636
301210.XSHE,-0.00048641843333795576
688219.XSHG,0.004003804777874441
000663.XSHE,2.2473568219825318e-05
002418.XSHE,0.0015948665075098544
300478.XSHE,-0.0002821619933856096
600807.XSHG,0.0004810230194493638
688458.XSHG,-0.000327613421699676
002245.XSHE,0.0004261950779756143
300699.XSHE,0.003319094249992952
301047.XSHE,-2.5572099751661377e-05
600377.XSHG,0.011233097961175827
002410.XSHE,0.0007359280468778242
300932.XSHE,-0.00011609329260625981
600269.XSHG,0.0013973709151448184
002842.XSHE,-1.7466921840461657e-05
603023.XSHG,7.238597576668469e-05
000411.XSHE,0.000503122146000777
603816.XSHG,0.003954234748654092
300175.XSHE,0.00026932426078259185
000905.XSHE,0.0023843153250145896
000933.XSHE,0.0016167501643149602
688132.XSHG,0.0003937409969468977
600836.XSHG,-0.0003711011325173867
600099.XSHG,-2.2505698562537597e-05
688095.XSHG,1.1942264005474303e-05
000890.XSHE,0.00028999090310268775
300122.XSHE,0.002512080280886485
600512.XSHG,0.0018066878484588288
600729.XSHG,0.0006554017072823402
601777.XSHG,0.01907280078645064
000718.XSHE,0.0021467537869329055
300603.XSHE,0.0008049918702372468
603689.XSHG,0.0023980940997260594
688002.XSHG,0.0043082436535877185
300781.XSHE,-0.0001309864699895922
600580.XSHG,0.0015297208844627136
002621.XSHE,0.00023481807508094973
300095.XSHE,0.000142731213691229
688195.XSHG,0.00018874214744330983
002767.XSHE,5.167753571310124e-05
688262.XSHG,0.001507828562029377
002639.XSHE,0.0015901541466418131
002192.XSHE,0.000570529983336793
301046.XSHE,-5.488593097712033e-05
002824.XSHE,0.0003430226001992329
603456.XSHG,0.002202674792769578
603080.XSHG,0.0005405183939635198
301055.XSHE,-0.0002361473578949392
300990.XSHE,-0.0003203772121068778
002641.XSHE,0.0013094346881468819
300832.XSHE,0.0036624299000518343
603979.XSHG,0.0035607331917866096
300411.XSHE,-1.1820894193737778e-06
300945.XSHE,0.00011591947459542039
601816.XSHG,0.12041162939818316
003038.XSHE,-1.7976575061035417e-05
300026.XSHE,0.0003104619762709423
601601.XSHG,0.0455812133800701
300067.XSHE,0.0002549472770695359
301320.XSHE,-0.00025416260286062394
605319.XSHG,0.0001054247054681403
300445.XSHE,-0.00041823518487723877
601226.XSHG,0.006779796841489933
300467.XSHE,-0.0002763479061564559
300393.XSHE,0.0012380776394053414
600848.XSHG,0.008232414546865834
000683.XSHE,0.004052419350260787
002201.XSHE,0.0003037971642253979
603506.XSHG,-8.500260479886684e-05
002407.XSHE,0.0010158879404299356
300400.XSHE,0.00016074147902399988
688080.XSHG,-0.00021122221631787112
300660.XSHE,0.0005716751238076864
600989.XSHG,0.06536096058140581
601956.XSHG,0.002443729676363213
000951.XSHE,0.002269229596996989
600032.XSHG,0.005125872125756993
603357.XSHG,0.0021963099815831113
603119.XSHG,0.0002359823728941126
000545.XSHE,0.0012642861841051217
603860.XSHG,-0.00020465457701771851
600026.XSHG,0.019680970357052113
300040.XSHE,5.2813417263844974e-05
600860.XSHG,0.002100600313968627
603105.XSHG,0.004349683381668424
603976.XSHG,0.00033043157246341473
002148.XSHE,-0.0002428461831763541
300681.XSHE,3.141778619696197e-05
603661.XSHG,0.00030404442621596254
600130.XSHG,0.0006468291446108025
002090.XSHE,6.241549193026347e-05
301057.XSHE,-0.00040522433633087616
002178.XSHE,0.0004559278949742817
002885.XSHE,0.00016122832970732527
300616.XSHE,3.2525533439448475e-05
002491.XSHE,0.00232459929855278
600018.XSHG,0.12041162939818316
600746.XSHG,0.0009931531528754938
600320.XSHG,0.002217737970782646
300167.XSHE,-0.0005086470843941208
002811.XSHE,0.0006416875455348273
300119.XSHE,0.00012023465323721436
300793.XSHE,0.0015340579895079304
002419.XSHE,0.0022620148794029833
300276.XSHE,6.66987873107045e-05
603567.XSHG,0.004065600027347069
002660.XSHE,0.0002779139417596775
000957.XSHE,0.0006474375474490006
300010.XSHE,0.0007796528572704633
002053.XSHE,0.00350037552747905
603230.XSHG,0.0002828567037014171
605128.XSHG,0.00016114156795894795
300169.XSHE,0.00019414341942339708
603555.XSHG,0.013549346822487578
000404.XSHE,0.0010466538938325681
600183.XSHG,0.0018402988617858568
603737.XSHG,0.0009825022464939191
002601.XSHE,0.0014307444613101527
601136.XSHG,0.0028707776700953825
300767.XSHE,0.00010387761037779501
600056.XSHG,0.000898716521607996
600115.XSHG,0.09750764220937658
002364.XSHE,0.00023477800788435023
300289.XSHE,0.0009440392674008106
603330.XSHG,0.0001450020451135045
603719.XSHG,0.0034857316431755815
300727.XSHE,0.00016682692013702562
603008.XSHG,0.0019617216412899843
000783.XSHE,0.008483077305083358
688318.XSHG,0.00046191044210877006
601778.XSHG,0.03506468973414332
301303.XSHE,0.0002063701948721271
600076.XSHG,0.002498519720109506
002498.XSHE,0.0037805442662141855
301215.XSHE,0.007204853731680384
688356.XSHG,0.00013593074022521932
300328.XSHE,0.0006485274842307319
002654.XSHE,0.0009497067125248614
300168.XSHE,0.0013878905238781764
600662.XSHG,-0.0001490270234149845
002789.XSHE,-5.281031683990417e-05
002633.XSHE,7.539849387360722e-05
300929.XSHE,-0.0003234373609677331
688581.XSHG,-0.00034686839075004784
601669.XSHG,0.10322559141123264
688325.XSHG,-0.00030814303512669553
603960.XSHG,0.00018736292075532642
603383.XSHG,0.00042099887601566844
002102.XSHE,0.002086187056533979
600809.XSHG,0.0020081962024264665
300218.XSHE,0.00022996845692618113
601021.XSHG,0.004900296969314284
600495.XSHG,0.0010157198217227484
002975.XSHE,-0.00022956811540628157
300539.XSHE,5.701963497680936e-06
003026.XSHE,-0.00011360251490110968
300880.XSHE,0.0006275610772354012
000911.XSHE,0.0010512917874439512
605288.XSHG,-0.0002172747570290537
300049.XSHE,0.00027572773084932217
600173.XSHG,0.002204402023742133
600498.XSHG,0.0029591279236155996
600804.XSHG,0.0012834240935239456
603809.XSHG,0.00039382571366042155
300624.XSHE,0.0004171544681040718
600439.XSHG,3.970729395332061e-06
600303.XSHG,0.0002960941086487536
600202.XSHG,-2.8152682067332556e-05
605296.XSHG,0.0002505499777232737
002495.XSHE,-2.468326932103472e-05
600372.XSHG,0.014790846837123636
300892.XSHE,-0.00033581662426707126
600595.XSHG,0.004678212962431471
000995.XSHE,0.00032368860958810334
600288.XSHG,0.0004193998136557002
600222.XSHG,0.0007821566437640364
301408.XSHE,0.0001513740556472944
688160.XSHG,0.00026374460481299363
603610.XSHG,0.0007989878570338189
000636.XSHE,0.00038742973921500475
688289.XSHG,0.003314024269318769
300207.XSHE,0.0024451177696953627
600826.XSHG,8.638266599140718e-05
300420.XSHE,0.00043936438121491134
600239.XSHG,0.00026317551837697745
300635.XSHE,-0.00013236807276213844
600059.XSHG,0.0006829925581204983
001216.XSHE,-8.382728564588311e-05
002428.XSHE,0.0008006223379634949
688268.XSHG,0.0007860870645516058
600538.XSHG,0.0009172779456255399
600433.XSHG,0.0015474397320620293
603639.XSHG,0.0005326804811696098
300672.XSHE,0.0010210417033387658
002362.XSHE,0.0004901708625053723
600033.XSHG,0.002910163094463506
000543.XSHE,0.0036819092342564143
300353.XSHE,0.0001768430650475898
600371.XSHG,2.157287076417027e-05
603165.XSHG,0.0005181125686693206
003037.XSHE,0.0004202464540484962
002925.XSHE,0.003465767590746036
605289.XSHG,-0.00024163191916150588
688103.XSHG,6.259500462749872e-05
002645.XSHE,0.00039286699662672
301115.XSHE,0.00027930728931755246
688226.XSHG,7.923543166678205e-05
002039.XSHE,0.0006440620710468902
688081.XSHG,-0.00016838924955354744
300709.XSHE,0.00026360173152050316
603551.XSHG,0.0027345239691345976
300296.XSHE,0.0008566505412318161
603256.XSHG,0.008017501192894344
000413.XSHE,0.010672738911203784
000839.XSHE,0.0011967152009874176
300649.XSHE,-0.0002805440858449607
002705.XSHE,0.003757278106072087
300333.XSHE,0.000232626918392162
600382.XSHG,0.0004889559758952374
601018.XSHG,0.1203295683328476
603798.XSHG,0.0001459089405166969
002723.XSHE,0.0004168678962116187
000978.XSHE,0.00046635268213670634
002228.XSHE,0.000536964922503916
688499.XSHG,-0.00014633054718824585
603757.XSHG,8.564506321756928e-05
002678.XSHE,0.004411540286367062
002831.XSHE,0.0020694911398635744
300098.XSHE,0.0005733538196033246
600749.XSHG,-2.72476178655197e-05
605258.XSHG,-0.0003821980079981901
301381.XSHE,4.5508979376902045e-05
002319.XSHE,0.0002206956577555214
600408.XSHG,0.0016282555531713266
002221.XSHE,0.0031227670574166615
002763.XSHE,3.545824567257954e-05
002439.XSHE,0.0007783572069124365
000058.XSHE,0.001732463168552717
002232.XSHE,0.0008599824793496823
002827.XSHE,0.001051401034138513
300018.XSHE,-0.00011671152835322145
002361.XSHE,0.00018340993855874227
300150.XSHE,0.0003316009360401607
600283.XSHG,0.0015045587634670524
603055.XSHG,0.005559094872699504
603815.XSHG,0.005382197371663857
002145.XSHE,0.008443911802953317
600298.XSHG,0.0010080481886197722
600208.XSHG,0.012004851655417108
603192.XSHG,0.0002606146937256524
301511.XSHE,0.0002697218968653536
688676.XSHG,0.0015894909855470373
688210.XSHG,-0.00010515817627393083
002078.XSHE,0.0031100288317621196
688538.XSHG,0.05755639298960253
002752.XSHE,0.0042632796205376655
300729.XSHE,0.0004319779601683004
301300.XSHE,-0.0005537634532690479
688122.XSHG,0.004465922803770383
601818.XSHG,0.12041162939818316
002871.XSHE,-0.0004497009612629495
688819.XSHG,0.0012141160026241985
600630.XSHG,0.000704946607551066
300626.XSHE,0.00011348496645612548
000016.XSHE,0.00030375054899121445
002599.XSHE,0.0005251297551167118
603178.XSHG,0.0018879034338991321
605167.XSHG,0.001556480375714344
000661.XSHE,0.0007039056670856089
000650.XSHE,0.00015565314998781824
300988.XSHE,-0.0004003530583799441
605499.XSHG,0.0017971185709169141
002291.XSHE,0.004717863092266758
301008.XSHE,-0.0005910964042789241
600608.XSHG,-0.0009144752492736304
002093.XSHE,0.000404543995903193
601577.XSHG,0.033035800275621086
600583.XSHG,0.002051510803202005
300227.XSHE,0.00010322375877148504
300795.XSHE,-2.2142311795463748e-07
300857.XSHE,0.002102329410902602
300897.XSHE,-0.0003977209406110686
002128.XSHE,0.006679112195931745
603322.XSHG,0.00025278155810205187
600897.XSHG,2.6577006127896435e-05
603170.XSHG,0.0011211567343124885
002859.XSHE,0.0006296953777053507
300460.XSHE,0.0012963049028416672
301159.XSHE,-0.00033110370360523366
301171.XSHE,0.002676149466722582
300601.XSHE,0.003561628756469064
688766.XSHG,-0.00021842310922641164
301208.XSHE,-0.0003977967248931538
002427.XSHE,0.004275528503133148
600969.XSHG,0.0009847325838542973
000977.XSHE,0.0023507061430510555
603078.XSHG,0.00013371443593499703
300804.XSHE,-0.0006221449975410407
300970.XSHE,-0.00048179819617314877
300137.XSHE,0.00034240162192094247
001373.XSHE,-0.0005295075123526628
300151.XSHE,7.385378623782932e-06
300835.XSHE,-0.0002219926700166671
301255.XSHE,-0.0004114877842796264
300288.XSHE,-9.726224966569906e-05
300579.XSHE,0.00030971246799493216
603171.XSHG,0.000610923952591713
600722.XSHG,0.0004632145160226443
300786.XSHE,-0.0001955736348495529
000703.XSHE,0.003678813084064843
300943.XSHE,-7.247877099141248e-05
002970.XSHE,-9.792850539846944e-05
603237.XSHG,-2.5248479654287276e-06
301132.XSHE,-0.00018884982859106636
002213.XSHE,0.00031011319692644443
002819.XSHE,0.0013649840602917977
301131.XSHE,-0.0005903624932952792
600668.XSHG,-0.0002453530430714984
300508.XSHE,-0.0003976882764254364
600197.XSHG,0.0008207023880625816
603789.XSHG,0.0011839674275137492
601899.XSHG,0.09971624337892834
600839.XSHG,0.0013302136214519604
002690.XSHE,0.0006083066219614304
600742.XSHG,-0.00010902512224834763
000778.XSHE,0.002225808788382426
601298.XSHG,0.04385365069353879
688290.XSHG,-0.0002288376350971742
688176.XSHG,0.003189975001898522
301290.XSHE,-0.00046692666148894163
000021.XSHE,0.000879384384002315
600058.XSHG,0.0018766013807285941
002783.XSHE,0.00014161153677530035
603006.XSHG,0.00011089484884882332
603613.XSHG,0.0015402110090828299
603183.XSHG,0.00022234043745781662
002370.XSHE,0.0010028022267071757
002008.XSHE,0.0006331233456862847
600880.XSHG,-0.00020923712581428556
000060.XSHE,0.0007263360087692974
300740.XSHE,0.0008918999249938895
300114.XSHE,0.0009229616108633064
300062.XSHE,-0.00011616602239045105
300302.XSHE,5.345620266641757e-05
002243.XSHE,0.00652201956169157
600035.XSHG,0.0042626530169398245
600386.XSHG,0.0006479347306210543
002295.XSHE,0.0007290055607980534
002375.XSHE,0.0016757941484202483
300502.XSHE,0.0006977856743734244
301075.XSHE,-0.0005201462048613557
601216.XSHG,0.005184449575640978
603288.XSHG,0.006965301992698259
002642.XSHE,0.0007970180534593228
603718.XSHG,0.002306606551066259
688332.XSHG,1.6304893847503526e-05
001234.XSHE,-0.0005038710382157252
001223.XSHE,-0.0004245080906106906
301248.XSHE,-6.35331031794827e-05
300490.XSHE,0.001322801402417066
688110.XSHG,0.0025092319137793475
000669.XSHE,0.0009449125520185738
301368.XSHE,-0.00026538744062259945
300619.XSHE,0.00014401763203987896
002355.XSHE,0.0022904414355139086
002881.XSHE,0.0003838135039512487
000055.XSHE,0.00010159443292613623
300147.XSHE,0.0006189981260340321
002403.XSHE,0.0013665760134278213
300239.XSHE,0.0003051326833619877
600325.XSHG,0.0018692326038132197
300942.XSHE,0.000526261128330255
688012.XSHG,0.006485296868602084
002397.XSHE,-0.00029730073481473105
301176.XSHE,-0.00016832343078286788
300595.XSHE,0.0004155109611482374
603177.XSHG,0.0012526315882234185
603937.XSHG,0.001158539683893789
600055.XSHG,7.711043724691936e-05
002803.XSHE,0.0005305404283324764
002760.XSHE,9.359690267149998e-05
002050.XSHE,0.002760433135507215
002852.XSHE,0.00027049707110250287
002494.XSHE,0.0002212477403416075
300153.XSHE,-4.424098842138334e-05
002126.XSHE,0.0010912460845189495
300086.XSHE,0.00018175053858585663
000752.XSHE,-0.00033197122378682904
300217.XSHE,0.0005370453817282886
600977.XSHG,0.017135499507379814
601019.XSHG,0.015752031925905147
300966.XSHE,-0.00014162851049403613
688466.XSHG,0.0002222730337983897
000881.XSHE,0.0010541706854751492
301487.XSHE,0.00040495722823427225
001210.XSHE,-0.0004186607095624843
300228.XSHE,0.00023895459278331635
300802.XSHE,0.00019793483631639817
300604.XSHE,0.0005389271345888842
605138.XSHG,0.002245751469728201
688506.XSHG,0.0004396580814261074
603458.XSHG,0.0003467912429536441
601169.XSHG,0.04800634209894718
603390.XSHG,0.0027970768512317204
603169.XSHG,0.007598617348075134
600588.XSHG,0.000778219125826359
603927.XSHG,0.003817179741054013
000996.XSHE,-4.61819042513478e-05
003015.XSHE,0.001616089445499431
603867.XSHG,0.0008235980948698866
603300.XSHG,0.002914025192151083
000682.XSHE,0.00048531930876876143
605507.XSHG,0.0025368471786839965
000958.XSHE,0.011438227669544653
603602.XSHG,9.144729735386932e-05
603297.XSHG,0.00048048520236874086
688543.XSHG,-9.12709524044922e-05
603236.XSHG,0.0006478916874229754
300081.XSHE,0.0004812732217371053
603127.XSHG,0.0006621249352365481
001238.XSHE,-0.0004374966096565819
000915.XSHE,0.00024931985378875613
600834.XSHG,0.00026757185801408933
301367.XSHE,-4.573364559154713e-05
600236.XSHG,0.010235013717690065
301198.XSHE,-0.0003515393845449413
605122.XSHG,-0.0003320542710999429
300357.XSHE,0.0006463621476034001
000555.XSHE,0.00278194479289426
601388.XSHG,0.003517959085833391
603075.XSHG,3.338690032188724e-05
002702.XSHE,-0.00016983403209841973
605336.XSHG,0.0005355959723880219
301265.XSHE,6.092725977522998e-05
600559.XSHG,0.0011417970250915857
600973.XSHG,0.0010836517032597982
600918.XSHG,0.038938976456760206
002659.XSHE,0.002194190925916332
603917.XSHG,0.00034296912508683926
002591.XSHE,-0.00017017050557249227
002057.XSHE,0.000763382508907861
002982.XSHE,-5.0293786457088555e-05
002065.XSHE,0.0007787835698579194
300803.XSHE,0.003924369040223605
600271.XSHG,0.00078412955111258
601865.XSHG,0.016807869049495425
301328.XSHE,-0.0003525949669553397
603580.XSHG,-0.0002245861127548282
300375.XSHE,0.0001401233340660756
002330.XSHE,0.0024343402956920387
002978.XSHE,0.0024346129889258284
600038.XSHG,0.001762879977848169
300851.XSHE,-0.00032516646055081634
603777.XSHG,0.0017134268292848154
002668.XSHE,0.0017622207834066838
300790.XSHE,0.00034500081039109097
002526.XSHE,0.0023684540575492994
600337.XSHG,0.00041468300012871605
301235.XSHE,-0.0002496782736318387
002399.XSHE,0.0030924698568794793
001696.XSHE,-0.00011727263731015173
002653.XSHE,0.0015118687501042372
600770.XSHG,0.00013002146466260214
002282.XSHE,0.0016045827984379614
001219.XSHE,-0.0002860007393284681
603128.XSHG,0.003985189719760917
603880.XSHG,4.435194053060141e-05
603070.XSHG,0.0003204338116770198
600378.XSHG,0.0023100021629404357
002959.XSHE,0.0007440768800193491
002100.XSHE,0.000745831338249187
603033.XSHG,0.0013023096311531946
603713.XSHG,0.0012452551066317913
688679.XSHG,-0.0003158560408137149
600050.XSHG,0.12041162939818316
601700.XSHG,0.0013025428521674122
002187.XSHE,0.0014808329300752814
688213.XSHG,0.0030531864922761654
601808.XSHG,0.02504227871571871
300650.XSHE,-0.00021788313005423375
688786.XSHG,-0.00013051193612871072
600741.XSHG,0.0007458519206202617
603289.XSHG,0.0010950370421506316
002146.XSHE,0.0028400311908252144
601163.XSHG,0.006666523994495667
688728.XSHG,0.011247072239514428
301276.XSHE,-0.00036162413613498453
301292.XSHE,-0.00016921834529769225
601916.XSHG,0.12032971229565147
603206.XSHG,0.00032118927428385934
002883.XSHE,-0.0004144381539143746
600217.XSHG,0.002574639953144096
300387.XSHE,-0.000138266190252554
688517.XSHG,-1.6973000582840188e-05
002869.XSHE,0.00034948480831878403
601606.XSHG,0.006739029388041453
600782.XSHG,0.002022742840942026
688039.XSHG,0.00011799678456740734
000166.XSHE,0.12041162939818316
603668.XSHG,0.0026278604463691574
600854.XSHG,5.670416731002833e-05
601599.XSHG,0.002157035504574098
002502.XSHE,0.0004635980269308968
002272.XSHE,0.0002435921727905624
600522.XSHG,0.004036735512562359
002261.XSHE,0.0009679435704406775
301026.XSHE,-0.00013305867922984232
600438.XSHG,0.004001984700718028
600568.XSHG,0.000638614788880667
000862.XSHE,0.001270295897392132
300032.XSHE,0.0013272594246184993
300510.XSHE,0.0007517063919189353
300818.XSHE,-0.0002991710281776011
600348.XSHG,0.0022466234371600214
600873.XSHG,0.003399625024050058
600645.XSHG,-0.00014528324644533404
688272.XSHG,-0.0006703261371489911
301316.XSHE,0.0016500069635150315
002896.XSHE,0.0003173866353584374
688221.XSHG,0.0015261876567776059
301203.XSHE,-0.0005029512228989293
000157.XSHE,0.0010037384093309484
601118.XSHG,0.04101937854760548
