code,price_amplitude
002433.XSHE,-0.0055603110003647135
688195.XSHG,-0.003999314054188744
000713.XSHE,0.003280899491387263
000576.XSHE,0.011661151433853783
603227.XSHG,-0.011041938983503998
002731.XSHE,-0.016950096917390557
300564.XSHE,-0.010111125553838958
300675.XSHE,-0.011337361319779454
300267.XSHE,0.001957397156933934
000626.XSHE,0.056665315064958685
300144.XSHE,0.0830967262616022
688520.XSHG,0.020332355673304228
000633.XSHE,0.013262291526325184
600901.XSHG,-0.005217597065580525
002134.XSHE,-0.0169332919829531
603583.XSHG,0.0922807369623647
300044.XSHE,0.01581663773867227
002902.XSHE,-0.012866763665190217
601199.XSHG,-0.009843197194946385
688136.XSHG,-0.0008287274427240757
002471.XSHE,0.0034485252513061747
601801.XSHG,-0.006619915450356284
002410.XSHE,0.6955240778916049
603012.XSHG,-0.011317061995291798
002401.XSHE,0.0033733229829429525
688011.XSHG,-0.007564632679115406
603278.XSHG,-0.01394664179345238
600537.XSHG,-0.005568523031407683
000620.XSHE,-0.008309879513588914
000691.XSHE,-0.015707701457610513
300379.XSHE,0.03344560601469102
603093.XSHG,-0.005883398950669365
300404.XSHE,0.014699968331020608
600202.XSHG,-0.014520478142858447
000825.XSHE,0.017929832398931162
002474.XSHE,0.002410935134155483
300039.XSHE,0.010846820996336931
002715.XSHE,-0.010688492175203904
600211.XSHG,0.12631826789060668
001914.XSHE,0.03771042854570036
300327.XSHE,0.038262260301557764
000716.XSHE,0.005584311644375204
000882.XSHE,-0.011537402811132722
300555.XSHE,-0.011642952314885725
605286.XSHG,-0.004647301461378222
300829.XSHE,0.01827860849127176
002799.XSHE,-0.009673915119183387
000968.XSHE,-0.009117150908077763
600372.XSHG,0.012417877682679625
300355.XSHE,-0.0029075576306338887
300812.XSHE,-0.005818069137747885
000921.XSHE,0.0013203758594223756
603001.XSHG,-0.012293151610485614
600587.XSHG,0.058741835861740505
600690.XSHG,0.41063751329247544
000655.XSHE,0.05451915968792001
601816.XSHG,0.006337513292475421
002716.XSHE,-0.006169696087089575
603388.XSHG,-0.015338412789205422
600479.XSHG,0.007312265864660956
000020.XSHE,-0.015014370810403542
600648.XSHG,0.008342107722745162
600714.XSHG,-0.011254883030680328
000776.XSHE,0.020227261589149427
600348.XSHG,0.007276945903420381
002365.XSHE,0.0028527819868333984
002388.XSHE,-0.01260438955027365
000090.XSHE,-0.0009430582839573039
000880.XSHE,-0.01279699541056678
603377.XSHG,-0.010487964008590782
600332.XSHG,0.00874518975683023
002862.XSHE,-0.009136713160483268
002325.XSHE,-0.010302912653574426
600178.XSHG,-0.012236510434338564
000803.XSHE,-0.004542281397176386
000835.XSHE,-0.0025160626353342153
600538.XSHG,0.00463785358528122
300558.XSHE,0.025357117523032352
002272.XSHE,-0.012915212008739524
300718.XSHE,-0.004007381191975945
300975.XSHE,0.0006789956356304562
603113.XSHG,0.011023266934838724
603777.XSHG,-0.007902598576865396
002565.XSHE,-0.008189227715501835
600775.XSHG,-0.0010912172756057988
002153.XSHE,0.22741216495644687
603239.XSHG,0.004182163022533656
688030.XSHG,-0.0024535933569174006
002298.XSHE,-0.010222705990381022
603039.XSHG,0.14672302777819854
600163.XSHG,-0.006936579134587481
002673.XSHE,0.003283507724463253
600446.XSHG,0.02369939286655177
603637.XSHG,-0.01711093086903896
000301.XSHE,0.04051931618248848
300562.XSHE,-0.0036358973186237983
002424.XSHE,0.02158543693669658
300447.XSHE,0.02268945532301663
600566.XSHG,0.0021355066664844376
002823.XSHE,-0.011140813752971272
688488.XSHG,-0.004025105970949355
300862.XSHE,-0.005205651808482061
002825.XSHE,-0.012882557669251789
600615.XSHG,0.16178271521089674
002315.XSHE,0.011988902958889094
300639.XSHE,0.01614325033019822
600979.XSHG,-0.012355142079222708
000029.XSHE,-0.006605862193548029
003004.XSHE,-0.00722986646891636
300419.XSHE,0.004240412917327595
300915.XSHE,0.005166657128329215
688185.XSHG,0.20833751329247527
300962.XSHE,0.018934904738764566
300214.XSHE,-0.009447885691542783
002842.XSHE,-0.005486289798133823
000938.XSHE,0.030544106742002003
002050.XSHE,0.11551333272331946
300100.XSHE,0.011454066165127702
600555.XSHG,-0.016682859254133577
002208.XSHE,0.00022224012843231368
605318.XSHG,-0.014297743618456465
000798.XSHE,-0.009825889977666117
600094.XSHG,-0.007735836825882898
000925.XSHE,-0.007213855166511958
000809.XSHE,-0.018210257581218133
300791.XSHE,0.0554242900364069
000860.XSHE,0.05110412754253752
002221.XSHE,0.007326644478856041
300857.XSHE,-0.0063390471837363686
300864.XSHE,0.012460493991169178
600121.XSHG,0.003903955088856806
688390.XSHG,0.1497080090460521
300790.XSHE,0.051322691087946626
688557.XSHG,-0.011049746089551293
002370.XSHE,-0.014413014837397565
603909.XSHG,-0.011172870128423518
000547.XSHE,0.09066648985908382
300001.XSHE,0.08619468742764591
002304.XSHE,0.3622375132924751
600328.XSHG,-0.0026743604383588394
600894.XSHG,-0.008380962912427747
601188.XSHG,-0.013370419052478651
002078.XSHE,0.05345974700403036
002869.XSHE,0.013969546527091007
000783.XSHE,0.00659926610546226
600603.XSHG,0.09155521455778984
600612.XSHG,0.8533180681921141
600575.XSHG,-0.0025595901153466676
300020.XSHE,0.0031419226632613297
600528.XSHG,-0.0010661149786002928
600691.XSHG,-0.004479864601050135
600750.XSHG,0.04184587868312839
002106.XSHE,0.0041095241947715164
300671.XSHE,0.04190579585380926
300707.XSHE,-0.011363532287366779
603587.XSHG,0.00023872988898725536
603665.XSHG,-0.011730682973338492
300117.XSHE,-0.008892060471231136
600997.XSHG,0.003828337225195523
002481.XSHE,0.06716987873596611
601099.XSHG,-0.0018735559602588493
002127.XSHE,0.021488963886240824
000619.XSHE,-0.015347389018144555
300070.XSHE,0.023138000941331657
300337.XSHE,-0.007907246534411737
000526.XSHE,0.018995143789946003
300024.XSHE,0.05468587711193248
002384.XSHE,0.02230106167422332
600352.XSHG,0.06672651083538356
603527.XSHG,-0.007294997146555375
605378.XSHG,0.0009221633868386828
300604.XSHE,0.10749808162423238
002997.XSHE,-0.008151299696949856
300625.XSHE,-0.010619999364073054
002555.XSHE,0.15040017337508946
300782.XSHE,0.4300698859698784
300410.XSHE,0.006314022022439619
300797.XSHE,-0.012577113533796326
600493.XSHG,-0.018022020965978634
002235.XSHE,0.0008311053796292538
002503.XSHE,0.00984167032133693
600598.XSHG,0.00628423543007532
603839.XSHG,-0.008815446797978816
002982.XSHE,-0.0019008297823892226
002367.XSHE,0.010055300551877814
600444.XSHG,-0.015064006698751315
002714.XSHE,0.3131375132924754
300537.XSHE,-0.000385584530300076
300613.XSHE,0.07165632382921057
001202.XSHE,-0.003755051893498701
002479.XSHE,0.0008294674856917789
600811.XSHG,0.010878373557162185
300622.XSHE,0.042276803897968444
688191.XSHG,-0.010940721600852223
300183.XSHE,0.0025955587226813744
000915.XSHE,0.033610079653361796
600769.XSHG,-0.011369292579902214
605068.XSHG,0.00644362188826704
002244.XSHE,-0.0024954045556385166
603365.XSHG,-0.010687129433791246
603707.XSHG,0.024218408333380164
000971.XSHE,-0.011237631473235036
300006.XSHE,0.012667117371232032
300225.XSHE,0.06253661911544948
002442.XSHE,-0.01154574883717718
600586.XSHG,0.01306968136041985
300097.XSHE,-0.010062028326642158
600067.XSHG,-0.00010069497995489167
300847.XSHE,-0.009141335120283388
600963.XSHG,0.016425064325124483
600395.XSHG,0.0025520745246527567
605266.XSHG,0.019864741908812975
000638.XSHE,-0.002887560936014187
003022.XSHE,0.010219698379965322
002734.XSHE,-0.007933689332109174
002125.XSHE,-0.004477831842044035
600746.XSHG,0.050516823957118
000709.XSHE,0.0031370584832525945
300470.XSHE,0.04243639383755064
300891.XSHE,-0.006870738562867647
300747.XSHE,0.08298783865570801
600089.XSHG,0.11605940713623362
603186.XSHG,-4.751690730200528e-05
600825.XSHG,0.08101340879274904
603517.XSHG,0.05496797869902352
300318.XSHE,0.008943575884642643
605218.XSHG,-0.004345861750420028
605500.XSHG,-0.013077442182703498
300800.XSHE,-0.0029395097967507104
000796.XSHE,0.008843683333311132
600658.XSHG,-0.007591002957749774
002398.XSHE,-0.0013998671117733084
000523.XSHE,-0.012458890518746083
000795.XSHE,-0.009691207039914171
601615.XSHG,0.011206264396903023
000797.XSHE,-0.004784806712508919
600530.XSHG,0.020699704625336834
002610.XSHE,0.0001591492679465685
002969.XSHE,-0.008423490369919913
601258.XSHG,-0.0027054534188438823
603136.XSHG,-0.006443246437903866
603060.XSHG,0.014843956870970038
600745.XSHG,0.08835687377103965
600839.XSHG,0.112817047962079
002559.XSHE,0.004007277894447953
300594.XSHE,-0.01710519344889263
600276.XSHG,0.8620487964138314
600712.XSHG,-0.011524701625434702
603535.XSHG,-0.003273523897164291
300867.XSHE,-0.005461594423413378
603348.XSHG,0.001321909513130064
601888.XSHG,0.2638375132924759
300015.XSHE,0.8620487964138314
600082.XSHG,-0.013150909489022585
600295.XSHG,0.03658106436922818
300702.XSHE,0.024916759707351625
605277.XSHG,-0.012779711324521804
600301.XSHG,-0.018989321316323467
603013.XSHG,-0.007502415224930491
002949.XSHE,-0.011100559773803916
688318.XSHG,0.07267684672404831
603220.XSHG,-0.011548457978466924
603767.XSHG,-0.017101284705588034
603096.XSHG,0.003685156516655021
002074.XSHE,0.04855084034456164
002113.XSHE,-0.010133660042842588
002154.XSHE,0.014833797030022633
002539.XSHE,0.031328603445861025
002905.XSHE,-0.011921932281144548
002605.XSHE,0.035671083481920565
600846.XSHG,0.017868499569936046
600645.XSHG,0.28374717604670674
688066.XSHG,-0.003305920833869923
600736.XSHG,-0.002200829637519044
603161.XSHG,-0.011313548003079894
688317.XSHG,0.021559017559974997
300966.XSHE,0.05394491615738265
600120.XSHG,0.04558995023667898
603421.XSHG,-0.01150859773630043
601200.XSHG,-0.0060281098147382675
002072.XSHE,-0.02192845876886546
300314.XSHE,-0.0034326402636890123
300497.XSHE,0.0035825797767938764
601068.XSHG,-0.00873699137657656
600076.XSHG,-0.010937740019077019
601918.XSHG,-0.006932200347299194
002690.XSHE,0.047211125978848384
603477.XSHG,-0.005743699332918959
688188.XSHG,0.2855956531927248
002903.XSHE,-0.012277636898397833
605376.XSHG,0.01630397868559726
688013.XSHG,0.005284310661177721
000520.XSHE,-0.010772454502231101
300545.XSHE,0.00035646097086225806
600475.XSHG,0.00976270886006638
600692.XSHG,0.01052824388322008
300770.XSHE,0.033999962493624
605358.XSHG,0.0270292246029205
603728.XSHG,-0.0009530457330128583
002068.XSHE,-0.0008445302955632679
300785.XSHE,0.05635505578579308
688350.XSHG,-0.013065159541896132
600796.XSHG,-0.009659056462866194
600433.XSHG,-0.005105169272671164
603617.XSHG,-0.014440377106808802
601369.XSHG,2.0520462937669535e-05
688668.XSHG,0.007824252674901298
000623.XSHE,0.06322751835066158
600748.XSHG,-0.0048457615569562585
601838.XSHG,0.00479724609712959
300387.XSHE,-0.01159027233343947
000153.XSHE,-0.0016466361840078193
002561.XSHE,-0.014235538656098768
600509.XSHG,0.019032615270433276
600881.XSHG,0.02689249652831124
000711.XSHE,-0.010626579545233893
002189.XSHE,-0.010591035082632988
601279.XSHG,0.006333307673617713
300411.XSHE,-0.006756556982291124
600897.XSHG,0.002137862578929131
002105.XSHE,-0.007084976879159651
605196.XSHG,-0.012870834937517282
600127.XSHG,0.0025235982127035893
600168.XSHG,-0.01112372406198576
600212.XSHG,-0.015201912972981981
300597.XSHE,-0.015980624348463788
300890.XSHE,0.00798906635713312
688189.XSHG,0.016279776920706514
603036.XSHG,-0.018565715724837853
002947.XSHE,0.010652924509977724
600182.XSHG,-0.009124504943345355
300394.XSHE,0.013152505561370618
600720.XSHG,0.01870931730788466
300272.XSHE,0.026839504985137687
000958.XSHE,-0.0008347912247477158
600496.XSHG,-0.005358566434297297
601878.XSHG,0.010773070878571893
600562.XSHG,0.025178970134283662
603813.XSHG,-0.018771837919231416
600396.XSHG,-0.011005782967866952
688092.XSHG,-0.010828334316098604
600511.XSHG,0.06120735764742298
300561.XSHE,0.0006673830124165354
002551.XSHE,0.004878432715176429
600831.XSHG,0.0020575574607151342
600838.XSHG,0.019553289475404412
002488.XSHE,0.0019111532708256454
300425.XSHE,-0.008129631648782847
603006.XSHG,-0.012784858791083004
300473.XSHE,-0.004226131245571517
600761.XSHG,0.01372017888759255
603238.XSHG,-0.013307933442127554
601319.XSHG,0.006437513292475427
300970.XSHE,-0.0022185482893554275
300810.XSHE,-0.010034785418245595
300313.XSHE,0.009712158819708883
300402.XSHE,-0.006934881358284415
002316.XSHE,-0.0013473427247796162
600990.XSHG,0.014527648061344212
688289.XSHG,0.031192056559733998
002901.XSHE,0.04147254485411839
600435.XSHG,0.013295242161884952
000012.XSHE,0.11584404850539687
600758.XSHG,-0.010157569848167701
300931.XSHE,-0.008474825886989817
000004.XSHE,0.03338981551732584
002392.XSHE,-0.003812000377948061
002167.XSHE,-0.0009620208647785049
603948.XSHG,-0.012184247900609528
600149.XSHG,-0.012446053371651512
600821.XSHG,-0.004139875745374888
000830.XSHE,0.024814044552900847
002358.XSHE,-0.007863565105707014
600848.XSHG,0.021648216617878545
002907.XSHE,-0.006331432682118093
002850.XSHE,0.03824260217090214
603518.XSHG,0.017064907273452123
688299.XSHG,-0.005125373609423182
300150.XSHE,-0.010849942047289327
600325.XSHG,0.008215160644915433
000096.XSHE,-0.009671796624935702
603007.XSHG,-0.0185241826591284
600674.XSHG,0.12599833402794533
000423.XSHE,0.049265108902423235
002013.XSHE,0.13021437826266616
600533.XSHG,-0.003758318894384629
300151.XSHE,0.07652794658265771
300209.XSHE,-0.0007250245200270504
603758.XSHG,-0.011681831899140415
002843.XSHE,-0.01654375858361619
600079.XSHG,0.1837999538515053
300895.XSHE,0.029705610939195798
300241.XSHE,-0.0020362332536300945
300896.XSHE,0.8620487964138314
300485.XSHE,0.015478109965454376
300584.XSHE,0.007137079990020653
600337.XSHG,0.00222810324338916
601860.XSHG,-0.006682674163755526
002073.XSHE,-0.004999443506024848
600208.XSHG,1.2595009967518792e-05
601375.XSHG,-0.0036756477941975924
600097.XSHG,-0.015784124896545324
002560.XSHE,-0.013717026517099544
000528.XSHE,0.02432405495742717
603938.XSHG,-0.005544075692999343
300444.XSHE,-0.00993449967849999
300737.XSHE,0.010881891802798936
002491.XSHE,-0.009797568246077634
002641.XSHE,0.003315034660364336
002462.XSHE,-0.00865092264341245
300482.XSHE,0.12654185708836982
300817.XSHE,-0.007667078983942938
600874.XSHG,-0.002926724811311853
300385.XSHE,0.030820642711756278
603319.XSHG,0.02308759437642141
688006.XSHG,0.05385230923081033
000909.XSHE,-0.012936735567367276
600187.XSHG,-0.012532528333643685
605086.XSHG,-0.0011461922208519364
002776.XSHE,-0.02032142201874563
002762.XSHE,0.05420676242632107
603811.XSHG,0.006570774724915539
603822.XSHG,-0.010034579804296909
002701.XSHE,0.01162496474203607
601288.XSHG,0.0061375132924754335
002910.XSHE,-0.015081281501407879
002697.XSHE,-0.002454994205479991
603337.XSHG,0.030939821752593147
603277.XSHG,-0.0010357143704054234
002530.XSHE,-0.0021057654151818966
300390.XSHE,0.08226902926833363
688113.XSHG,0.044574331946923854
002796.XSHE,-0.01259107059171953
000600.XSHE,-0.0038492772567169853
300200.XSHE,-0.004849529774405864
601607.XSHG,0.012975146029047157
300057.XSHE,-0.013019286810140189
688009.XSHG,0.0019063677988055531
688682.XSHG,0.027458893366054334
002366.XSHE,-0.010988136431377062
300502.XSHE,0.044577705040458826
000728.XSHE,0.002495134195524048
002563.XSHE,0.03454695516710307
603392.XSHG,0.1303375132924757
002887.XSHE,-0.004476368565239709
300174.XSHE,-0.0027835664574680404
000612.XSHE,0.016236793473736497
002276.XSHE,-0.007830798515539056
603733.XSHG,0.00550106684905708
600169.XSHG,-0.00677769085068399
600895.XSHG,0.2438757337264966
688196.XSHG,0.00295240427073336
600989.XSHG,0.011982121768733627
601066.XSHG,0.01893751329247541
000721.XSHE,-0.014832563004402973
000905.XSHE,-0.010650539286973484
002332.XSHE,0.0025899559909935916
603699.XSHG,-0.005888464904519653
688019.XSHG,0.04769568652875736
603000.XSHG,0.04785941468117917
688529.XSHG,-0.011428072980526366
002866.XSHE,-0.0073155522802523295
002879.XSHE,-0.010579126400900224
600739.XSHG,0.4170555058238994
300354.XSHE,0.005656801935832029
300373.XSHE,0.059508381038731475
600190.XSHG,-0.011605592184962687
000027.XSHE,0.06973549001391534
603267.XSHG,0.061428001031343056
002193.XSHE,-0.01715676306174482
002601.XSHE,0.1860196023259507
300939.XSHE,0.02178155089001655
000881.XSHE,0.0030684824827562768
603855.XSHG,-0.005073689406673598
605006.XSHG,-0.0076911739318334315
000056.XSHE,0.020278975133352896
300741.XSHE,0.014067678356185373
688513.XSHG,-0.005139949392505677
600255.XSHG,-0.01177062903382812
002750.XSHE,-0.006839924584615844
600131.XSHG,0.008762941454958829
601898.XSHG,0.008820679182747329
600030.XSHG,0.03183751329247547
603038.XSHG,-0.0012282664232826854
603596.XSHG,0.004384861555309658
600835.XSHG,0.012488378817748875
002001.XSHE,0.36538706876528615
300345.XSHE,-0.0074273155510369004
688662.XSHG,0.03300831967676908
002217.XSHE,-0.0054097250472041674
600965.XSHG,-0.007271203287147284
600136.XSHG,0.006508097493332914
002387.XSHE,0.006050252989039854
300287.XSHE,0.018310957168217363
600346.XSHG,0.13113751329247553
002404.XSHE,0.05744706182963165
600763.XSHG,0.3816741380791577
600791.XSHG,-0.010389526526555642
300297.XSHE,0.001936647421518587
300332.XSHE,-0.011672773464033366
603712.XSHG,0.005040733244750824
603612.XSHG,0.0006540111987497384
002380.XSHE,-0.006061690684087094
600321.XSHG,-0.005865579359724843
603579.XSHG,0.01889269260002515
600143.XSHG,0.17863901062966359
600749.XSHG,-0.0024153776631190872
002371.XSHE,0.449735440801853
600593.XSHG,0.0007796102522350835
002192.XSHE,0.08014384650360323
600280.XSHG,0.01025333536505288
002629.XSHE,-0.020799210020617864
600795.XSHG,0.10632481652636526
002088.XSHE,0.03749873189479386
600083.XSHG,-0.020118059771277827
300477.XSHE,0.016801934356172808
000885.XSHE,-0.00481878490011949
601718.XSHG,-0.007832216192435406
600977.XSHG,-0.002036335724522405
600996.XSHG,-0.012710496417223433
000671.XSHE,0.036125768785525134
002233.XSHE,-0.004029931205480963
300302.XSHE,0.02722652771590469
600657.XSHG,0.002600417241058337
600694.XSHG,0.025356492692029053
600640.XSHG,0.0511032331375596
002194.XSHE,0.008389311154112136
003002.XSHE,-0.012388578428137863
300719.XSHE,-0.006611526287198358
603917.XSHG,-0.017515491300713306
688135.XSHG,-0.0038870737430619015
603915.XSHG,0.00759507595891867
000812.XSHE,-0.006630459516964294
002439.XSHE,0.07828359874851439
600081.XSHG,0.13007577854026456
300311.XSHE,-0.0027772943398551523
000069.XSHE,0.10245203896337854
002416.XSHE,-0.0005031324051104173
000952.XSHE,-0.01391809845790881
300271.XSHE,0.03404964493418301
603586.XSHG,-0.013859707426884636
300623.XSHE,0.0843260087804926
000529.XSHE,-0.012265755394666369
300697.XSHE,0.016355236995568394
002002.XSHE,0.020881192258385705
603889.XSHG,-0.012842304818152215
600608.XSHG,0.16205307148360448
600503.XSHG,-0.010151366865414499
002880.XSHE,0.007451019122436736
605066.XSHG,-0.011975445160735825
002873.XSHE,-0.005313647731038583
002679.XSHE,-0.0009949968568148601
000005.XSHE,-0.018680145890313245
603615.XSHG,-0.0021211912453780197
000410.XSHE,-0.004008781895668273
300167.XSHE,0.02267339995248847
300663.XSHE,0.012960818448440074
603208.XSHG,0.03078816235773332
002968.XSHE,0.0591062031798108
000538.XSHE,0.8620487964138314
300414.XSHE,-0.005934459429190436
600157.XSHG,0.018717729146374353
002640.XSHE,-0.014911699372547303
300840.XSHE,-0.009497568680688422
002232.XSHE,-0.005380707217194388
002748.XSHE,-0.012670863739985794
300476.XSHE,0.043044852228251114
600036.XSHG,0.09853751329247563
600185.XSHG,0.031253211553555704
603192.XSHG,-0.013891420984948045
002661.XSHE,0.0016590993006377792
600517.XSHG,0.023445447418458443
600571.XSHG,0.002069815552478798
603912.XSHG,-0.015911757029671635
002061.XSHE,-0.009954601596546946
300869.XSHE,0.032436102695019293
603019.XSHG,0.03700859932027208
603657.XSHG,0.01197633483718229
300301.XSHE,-0.010304114625700786
002344.XSHE,-0.010351502506176197
000732.XSHE,-0.0072372207321358675
600449.XSHG,-0.0006418751374539892
002900.XSHE,0.0325353116610497
603551.XSHG,-0.009190413263010889
601069.XSHG,-0.008960235355944562
600466.XSHG,0.0013557060872488678
603605.XSHG,0.08401222050230606
002148.XSHE,-0.0053592630600123314
300547.XSHE,0.04149950571800623
002840.XSHE,-0.003937974549470112
600477.XSHG,0.005397291055767776
300234.XSHE,0.028271203101781384
600008.XSHG,0.0012540925974847432
603023.XSHG,-0.009277133891203698
688108.XSHG,-0.0115509124077208
300463.XSHE,0.04314298610682226
300322.XSHE,-0.0011744412576127974
603236.XSHG,0.0711941935280756
000688.XSHE,0.014248755476087026
600929.XSHG,-0.01118901547801676
002391.XSHE,-0.009240615394227372
002664.XSHE,0.012315944993559964
300972.XSHE,-0.007457564673333909
603887.XSHG,0.004181830585706736
603693.XSHG,-0.007818326913352224
002158.XSHE,0.022940679634392582
603773.XSHG,-0.012445711392589898
600141.XSHG,0.00613000181033623
002353.XSHE,0.12527936277411142
300378.XSHE,0.0020364949524231506
002082.XSHE,0.022801846571454634
002621.XSHE,0.0009971868155380422
300202.XSHE,0.020150088256069145
688355.XSHG,0.002281981781864107
688356.XSHG,0.07085383825827107
601633.XSHG,0.10223751329247553
002960.XSHE,0.008481152412792603
300259.XSHE,0.008074705067671203
600265.XSHG,-0.01400574315316817
300011.XSHE,0.01910621633420066
300403.XSHE,0.0024053351762956376
300937.XSHE,0.035754998966995966
300141.XSHE,0.011769709925335096
002867.XSHE,0.005025614205164598
300103.XSHE,0.0017589254909375698
600218.XSHG,-0.013374089477470362
601198.XSHG,-0.00020224965363253465
002993.XSHE,0.004061295374806309
603387.XSHG,0.009440441864666272
000981.XSHE,-0.009216817343183017
002467.XSHE,-0.0032664704635809658
600055.XSHG,0.09417862910752518
600887.XSHG,0.8034375132924774
603585.XSHG,-0.013796117605970774
688129.XSHG,-0.015567048131997763
002341.XSHE,-0.0051446371956451
300685.XSHE,0.08772691758190414
002399.XSHE,0.007916240596175045
002552.XSHE,-0.008607109072125328
002693.XSHE,-0.011670672408494821
300519.XSHE,0.022429670988375092
000517.XSHE,-0.0031494967803011188
002599.XSHE,-0.011154422239190772
300659.XSHE,0.010583505841149744
300651.XSHE,0.010457618905759244
688229.XSHG,0.021804260285893887
300949.XSHE,-0.004921932281144589
601609.XSHG,-0.0060313184650428895
002685.XSHE,-0.01150913203005056
000931.XSHE,-0.009227930022771287
300980.XSHE,-0.0045068314877003916
002305.XSHE,-0.013759043101817418
600684.XSHG,0.054219853850840556
300088.XSHE,0.03921614800944524
002077.XSHE,-0.011722562225193002
600113.XSHG,-0.012229333303234032
002961.XSHE,-0.005084005473741987
603408.XSHG,-0.010032636879485692
000910.XSHE,-0.005406907618918619
002079.XSHE,0.015824500711213448
002915.XSHE,-0.0003729684385739007
000750.XSHE,0.009598703185008255
300199.XSHE,0.011961929510491045
300031.XSHE,0.024936890945559544
600231.XSHG,-0.00042087152833014327
300713.XSHE,0.0009078566291439855
000031.XSHE,0.020365716957280254
300778.XSHE,-0.013519713800092044
600461.XSHG,-0.0036663968164501806
600495.XSHG,-0.010121332899300763
000037.XSHE,-0.0023837990214661143
600718.XSHG,0.020827211704922237
600262.XSHG,-0.012425172362875363
300837.XSHE,0.0011960273488568034
002120.XSHE,0.025754026557087875
300442.XSHE,0.016890190055881587
000521.XSHE,-0.007568934724810012
002026.XSHE,0.009522877503450029
300275.XSHE,-0.011584415407408224
603528.XSHG,0.007347853381293691
603721.XSHG,0.0007119997579713468
600655.XSHG,0.5547452187872504
002983.XSHE,-0.008640147606379248
603138.XSHG,-0.001722448618493128
002385.XSHE,0.026966707706013397
000411.XSHE,-0.003251081011692967
605003.XSHG,-0.01140005818441806
002638.XSHE,-0.012404277330487804
600360.XSHG,0.027538282976238927
000617.XSHE,0.008273859770381892
002780.XSHE,-0.010790813623548137
002484.XSHE,0.008177617079975897
688001.XSHG,0.0010601865688908444
300441.XSHE,0.006163508246414323
600708.XSHG,-0.006316734733298583
000551.XSHE,-0.006315622139463267
000982.XSHE,-0.0020639257037328093
600012.XSHG,-0.00558665163820333
000990.XSHE,0.013869455968544902
002533.XSHE,-0.010871453114089873
002923.XSHE,-0.00399771076922186
603222.XSHG,0.011677107738985807
300717.XSHE,0.0005847460344020686
002696.XSHE,-0.01444359544421836
300181.XSHE,0.007159383622575075
603322.XSHG,-0.011006402417377572
300353.XSHE,0.005434864313690399
600851.XSHG,0.029464481587332683
002499.XSHE,-0.01602498794466134
002288.XSHE,0.004478683525316515
002292.XSHE,0.0044351460066700335
000838.XSHE,-0.008193357948785557
601727.XSHG,0.0033673246405422274
300110.XSHE,-0.0018650324292772656
300422.XSHE,-0.007792834180467565
002184.XSHE,-0.0034633649254383995
002622.XSHE,0.0016365224201650014
600703.XSHG,0.1835512907863835
300166.XSHE,0.04842028171001389
300496.XSHE,0.5726454715637855
300343.XSHE,-0.00033631924771781486
600843.XSHG,-0.011948348998014165
600893.XSHG,0.07520856387297391
600460.XSHG,0.4644048775719511
688658.XSHG,-0.004189270045182316
600467.XSHG,-0.011149543942887596
002034.XSHE,0.017987925716074972
600356.XSHG,-0.015129259945843765
300751.XSHE,0.5563021111772537
601899.XSHG,0.015437513292475433
300139.XSHE,0.007247717564767421
603166.XSHG,-0.012143217811199916
002245.XSHE,0.05517815614484314
600470.XSHG,-0.015318660943752086
002672.XSHE,-0.0006516142913512088
601336.XSHG,0.02043751329247547
300161.XSHE,-0.0096911266861653
603801.XSHG,0.03503244808426946
600476.XSHG,-0.011646952227111802
000900.XSHE,-0.003911143044735336
003032.XSHE,-0.0024212238879536656
002434.XSHE,0.017701091656946923
002449.XSHE,-0.0036111611460071177
300501.XSHE,-0.0021670564012943472
300621.XSHE,-0.013398998186849295
600193.XSHG,0.009622798650591142
002751.XSHE,-0.00860854936256455
600367.XSHG,-0.006940388325698018
600572.XSHG,0.01294315089198003
300380.XSHE,-0.007593065357551663
002335.XSHE,0.019936745069106247
000802.XSHE,-0.013908774495593235
300138.XSHE,0.01044874003466725
002407.XSHE,0.06331473044652472
600675.XSHG,0.027235603879461372
002204.XSHE,-0.006921461367939293
600242.XSHG,-0.02033191947135388
600599.XSHG,-0.00979093330519768
688699.XSHG,0.10119205019504375
600415.XSHG,0.09857021848978631
601106.XSHG,-0.004961628194056781
600683.XSHG,-0.011906220193510439
600478.XSHG,0.0034041574943666983
688180.XSHG,0.029433486430199857
300637.XSHE,-0.014098152362266258
300252.XSHE,-0.0007549027777122869
600985.XSHG,0.006290727216142603
000584.XSHE,-0.005848148672875241
002130.XSHE,0.031220753430652122
603856.XSHG,-0.01302885652173802
300076.XSHE,-0.005782646468061823
603989.XSHG,0.015751063884017376
603185.XSHG,0.12837088379805153
300145.XSHE,0.000898750399782022
300648.XSHE,0.01901283381507852
600176.XSHG,0.13446467410868015
600559.XSHG,0.035309440487713575
600545.XSHG,-0.00815230764683885
000685.XSHE,0.009476513448894119
300638.XSHE,0.030719671833632254
688689.XSHG,-0.0031793993590780896
601006.XSHG,0.005790330446467593
688138.XSHG,-0.009124875114500126
603815.XSHG,-0.010993443218521977
002719.XSHE,-0.013103422977761958
688169.XSHG,0.8598882953027264
600589.XSHG,-0.016052747304382484
000858.XSHE,0.8620487964138314
002179.XSHE,0.3484857378899095
002174.XSHE,0.009183182542841027
300615.XSHE,-0.010613517006264466
688215.XSHG,-0.012554459424931812
300277.XSHE,-0.0003381372851514221
300003.XSHE,0.03481898793729758
000045.XSHE,-0.008162970205239992
600088.XSHG,0.015849186078194126
601789.XSHG,-0.012085830828169032
000950.XSHE,-0.0044937869882140545
600984.XSHG,-0.002090752261585652
600986.XSHG,0.0005942835380350567
605099.XSHG,0.03189205569051244
300481.XSHE,0.04054832721319721
000631.XSHE,0.0029758601978458893
603881.XSHG,0.007380712817037701
603986.XSHG,0.19351154527898537
600359.XSHG,-0.01363546992495554
300123.XSHE,0.021407551318131005
300369.XSHE,0.05297912890628049
601658.XSHG,0.00673751329247543
605128.XSHG,0.0016554970273082587
001696.XSHE,0.04102191737871037
600239.XSHG,-0.0013714865119110915
601100.XSHG,0.13064678324071624
300918.XSHE,-0.011640492245292913
300286.XSHE,0.007841826837198366
002671.XSHE,-0.015390132615017448
000519.XSHE,0.059645200655084496
688555.XSHG,-0.009668261033272788
002793.XSHE,0.0058451167722621015
600757.XSHG,-0.003715541175339121
300483.XSHE,-0.005252066958414457
300647.XSHE,-0.005717030015278847
300091.XSHE,-0.0005418790702440904
300336.XSHE,-0.009410793117011963
300512.XSHE,0.004232295149668951
603916.XSHG,-0.003170724942972672
688156.XSHG,-0.0105828048363423
000919.XSHE,0.0005449918848844243
000922.XSHE,-0.010452997359276964
300449.XSHE,-0.010667766729985994
688365.XSHG,-0.006699579550502942
601919.XSHG,0.019937513292475423
002098.XSHE,-0.015934105682652903
600387.XSHG,-0.013208889809841903
002987.XSHE,-0.0011784433950802094
002683.XSHE,0.020874869655771625
600326.XSHG,0.025368186217578546
600666.XSHG,-0.009090789364245082
688589.XSHG,-0.007863452047593896
600654.XSHG,0.8385652910498783
002891.XSHE,0.029537484862829092
300050.XSHE,-0.0018591922176038125
300014.XSHE,0.8620487964138314
002729.XSHE,-0.008637362013236421
300525.XSHE,0.019520832397487038
300285.XSHE,0.14240467418324454
603356.XSHG,-0.01762491892377758
600998.XSHG,-0.0005731082091832104
600256.XSHG,0.05057862003079572
002613.XSHE,-0.011905401722693294
002889.XSHE,0.007765488264283601
605268.XSHG,-0.0072304934324779755
002159.XSHE,-0.010800693189324372
603589.XSHG,0.011392536694539124
600939.XSHG,-0.01129243032175105
300587.XSHE,0.016695821445167677
300366.XSHE,0.00912204654080571
601933.XSHG,0.010334504067193816
000416.XSHE,-0.0049838338370956775
600026.XSHG,-0.0010744051381509
002239.XSHE,-0.002814488577845319
300529.XSHE,0.06155844435164173
002187.XSHE,-0.010233361262683049
601519.XSHG,0.0006619921144973093
002537.XSHE,0.011551051247319876
300892.XSHE,0.012097989296348689
300466.XSHE,-0.007769886466277364
300490.XSHE,0.012712684409551603
300304.XSHE,-0.006718940753418228
603289.XSHG,-0.01149053462131492
002431.XSHE,-0.00698429543601816
603133.XSHG,-0.014057841160585383
300036.XSHE,0.0022568827859803034
600409.XSHG,0.03107803623524188
600480.XSHG,0.002577443415145913
000014.XSHE,-0.005470679146007237
603167.XSHG,-0.01325444227596325
603466.XSHG,0.05242789522843472
688020.XSHG,0.03535130428270128
605366.XSHG,-0.013152857237138469
000927.XSHE,-0.002867601821250695
002774.XSHE,-0.016670855874405668
000009.XSHE,0.019247523666107384
002412.XSHE,0.00011878569795107513
300835.XSHE,0.0004043177981479483
601002.XSHG,-0.012799839902877676
603499.XSHG,-0.01567054911469007
000998.XSHE,0.035467008566543966
601968.XSHG,-0.007603245608093782
000851.XSHE,-0.008622929012144426
603682.XSHG,-0.014698903199113636
002278.XSHE,-0.007150061553174264
002634.XSHE,0.00875354953803861
300206.XSHE,0.02246769795834717
002752.XSHE,-0.01000427001349441
600386.XSHG,-0.011301425521183527
600751.XSHG,-0.002424731318417774
002888.XSHE,-0.015461252506140393
603106.XSHG,-0.013442003233270432
300959.XSHE,0.007659602162961705
002263.XSHE,-0.011805678034180178
300068.XSHE,-6.979749170277043e-05
603181.XSHG,0.027939917951478092
000963.XSHE,0.5685370937334928
300491.XSHE,-0.01044175791859893
600250.XSHG,-0.01434302960506606
002186.XSHE,-0.008856355270238196
300589.XSHE,0.0072857081873255874
300124.XSHE,0.8620487964138314
000892.XSHE,-0.013858955865685951
600138.XSHG,0.00434516023001043
603882.XSHG,0.04204983884244437
002553.XSHE,0.013178286259242084
300761.XSHE,0.009275789386331668
600960.XSHG,-0.0007443705403688099
000700.XSHE,0.02154502499296524
600019.XSHG,0.008737513292475414
688565.XSHG,0.007686198671798226
600423.XSHG,-0.005223382952145705
000702.XSHE,-0.01812410704560254
002890.XSHE,-0.01484350525849434
300691.XSHE,-0.0031976167955781107
000723.XSHE,0.016731936145216054
002042.XSHE,0.010932699298126021
300440.XSHE,0.018424294342019153
600617.XSHG,0.025909117821073333
601777.XSHG,-0.00059587092567834
300023.XSHE,0.05234502412374363
601101.XSHG,-0.007078452243857828
688039.XSHG,0.03482557291086882
603332.XSHG,-0.01270033634832406
688339.XSHG,0.1484189836838728
300811.XSHE,0.0008074352795309769
002248.XSHE,-0.01099075723936185
002925.XSHE,0.04346142882122102
002523.XSHE,-0.01098952467413655
000534.XSHE,-0.0016800785151896858
000078.XSHE,0.02743158809120469
002142.XSHE,0.03843751329247544
300108.XSHE,0.012219478618827925
600635.XSHG,0.11855801056238914
603611.XSHG,-0.0051738587349971134
002362.XSHE,-0.005125454283806868
002425.XSHE,0.030829638490669768
002620.XSHE,-0.014154122765574257
688536.XSHG,0.3422893966305076
003041.XSHE,0.0052114866599558066
000800.XSHE,0.006363861102437179
002376.XSHE,-0.0062605568636229314
002828.XSHE,-0.015623671641483833
000554.XSHE,-0.008940240482849606
003043.XSHE,0.0029192108663782038
688109.XSHG,0.033147158897738276
000607.XSHE,-0.011204704579285862
003033.XSHE,0.00315199451283173
000572.XSHE,-0.011033201880310707
300617.XSHE,0.017589992566359295
002015.XSHE,0.013728717632041865
688022.XSHG,0.004843953600742697
000036.XSHE,-0.00925576696241329
002218.XSHE,-0.009018816186675452
002826.XSHE,-0.014951678023425261
300567.XSHE,0.029040908700211122
600995.XSHG,-0.005725111756158535
603958.XSHG,-0.019001900222308576
002625.XSHE,0.044899330065488206
002171.XSHE,-0.001803560926846499
300506.XSHE,-0.0002648787181381354
300363.XSHE,0.11395300244142764
600653.XSHG,0.8407931689631811
603196.XSHG,-0.01728130943465482
600804.XSHG,-0.003662396904224068
002138.XSHE,0.06068665380165602
603599.XSHG,0.005076515415289256
688606.XSHG,0.07721593981872622
601579.XSHG,-0.004027788627694777
300263.XSHE,0.0006149692825301468
300841.XSHE,0.24700055305758467
603399.XSHG,-0.014803316916007411
000040.XSHE,-0.010569502675227622
603188.XSHG,-0.011299099995178927
002374.XSHE,-0.014596205276713054
300420.XSHE,0.050660365377660284
688198.XSHG,0.05589059562214685
600621.XSHG,0.8497610806695046
002065.XSHE,0.044806530472698544
000676.XSHE,0.039946299918765374
002933.XSHE,-0.009638757831835525
600229.XSHG,-0.009976848555174537
603456.XSHG,0.055053015771582295
002809.XSHE,-0.012454644567497166
300943.XSHE,-0.009182098699286965
300306.XSHE,-0.010211235662359451
000546.XSHE,-0.001773089621113345
601628.XSHG,0.015437513292475395
600867.XSHG,0.12472184630834957
603035.XSHG,-0.004192002089755478
605155.XSHG,-0.013008211606033517
300451.XSHE,0.04528981459591691
300650.XSHE,-0.011004541470782288
002836.XSHE,-0.01466106721870478
300849.XSHE,-0.008397624806028499
603797.XSHG,-0.012391704033947274
600569.XSHG,-0.0008899621277319173
000707.XSHE,-0.016894270713881363
300913.XSHE,-0.011111844700413893
600961.XSHG,-0.012080350521064358
002688.XSHE,-0.001214717819428699
002133.XSHE,-0.01472336415741692
600928.XSHG,-0.004131838704287237
300182.XSHE,0.16581308338317485
002284.XSHE,0.021426781330767124
002723.XSHE,0.012390649139822296
300678.XSHE,-0.009684363763444915
300876.XSHE,-0.00736059448397474
000975.XSHE,0.05072081140841124
603256.XSHG,-0.009650924723783434
603959.XSHG,-0.0054552556859225505
603556.XSHG,-0.010353882305101774
300417.XSHE,0.00450967408709655
600768.XSHG,-0.01314215700619819
002253.XSHE,0.006783673286159881
000505.XSHE,-0.0052199623232022496
002554.XSHE,-0.007263376289197758
600782.XSHG,0.01641552928428598
002788.XSHE,-0.009191571342778138
600830.XSHG,0.001172670715092198
002669.XSHE,-0.013108478665026294
300237.XSHE,-0.003562745361951832
603258.XSHG,-0.007562791769292663
002785.XSHE,-0.007579684664212879
601012.XSHG,0.39873751329247487
002033.XSHE,-0.006331295654442407
002145.XSHE,0.02198105202227135
300335.XSHE,-0.015494438883242714
688686.XSHG,0.315877291556426
002306.XSHE,-0.01334000861230858
600267.XSHG,0.02036906601946387
002782.XSHE,-0.008653189384224911
603879.XSHG,-0.014249885663103028
688023.XSHG,0.1383171982059335
002386.XSHE,-0.009792093403547274
603729.XSHG,-0.015925763216576377
601669.XSHG,0.0018778941776027213
600429.XSHG,-0.006803378589003444
603698.XSHG,0.000763609537051485
600109.XSHG,0.02689629646692756
300982.XSHE,0.0034768560905185323
601222.XSHG,0.007196353513676529
300550.XSHE,-0.0003723216661916783
603580.XSHG,-0.01720075211938674
000780.XSHE,-0.0038389296442464266
000501.XSHE,0.01690863994240367
300903.XSHE,0.0013394777762420762
603015.XSHG,-0.009198449579747199
002741.XSHE,-0.0022463932085535297
600128.XSHG,-0.01140786445213811
300303.XSHE,0.014306560020811048
300045.XSHE,0.01583058248053277
603789.XSHG,-0.015191618329600072
600560.XSHG,-0.006571853329756811
603859.XSHG,-0.0035363557091076282
300655.XSHE,0.017180219755794646
300607.XSHE,0.009286698646318129
688309.XSHG,-0.01450440765154542
300809.XSHE,0.014595949913806163
000596.XSHE,0.15760580814857855
002333.XSHE,-0.0029276629637785007
000652.XSHE,0.009893281456436741
002275.XSHE,-0.004025639974958948
300140.XSHE,-0.0012097587656602418
600305.XSHG,0.08691852991963601
003027.XSHE,0.05540685162884743
600512.XSHG,-0.00944838615286087
603628.XSHG,-0.015961605414350644
600877.XSHG,0.06825885933656477
300118.XSHE,0.0018622544023726966
300630.XSHE,0.03325069920833146
603906.XSHG,0.018239212973384926
000969.XSHE,0.00697411511408608
000719.XSHE,-0.007915547767981231
002059.XSHE,-0.011556089163548644
688575.XSHG,0.10826431232079776
002083.XSHE,-0.012676999492485705
600166.XSHG,0.10413542154161834
002562.XSHE,-0.0054104530734510395
300661.XSHE,0.2909912456647568
002170.XSHE,-0.011467429925758159
600727.XSHG,-0.0074615453562205175
688363.XSHG,0.2252275902380564
600507.XSHG,0.030910726052921868
601857.XSHG,0.0068375132924754275
002813.XSHE,0.0013937791130326158
605300.XSHG,0.04580947848088766
002587.XSHE,-0.006290251976032137
688012.XSHG,0.04514677228067325
002952.XSHE,-0.012374350813042608
002643.XSHE,0.01735884152503342
603323.XSHG,-0.00887192411037674
300198.XSHE,-0.008557236573013481
002247.XSHE,-0.01327029564469796
300548.XSHE,0.027879324688254093
603669.XSHG,0.0021805040777319023
688200.XSHG,0.33867816976473825
300489.XSHE,-0.0023367274429409463
600731.XSHG,0.0016515662808362086
601158.XSHG,-0.00271416929540826
002855.XSHE,-0.0168705666364808
000913.XSHE,0.007456479796485392
300930.XSHE,-0.007080198341709478
000815.XSHE,-0.0077339035359892585
603026.XSHG,0.018090859327830593
300898.XSHE,0.006082747107828039
300147.XSHE,0.027735269849061536
688389.XSHG,0.002749297055936281
300656.XSHE,0.017117402081438717
600606.XSHG,0.09769562011553781
300619.XSHE,-0.01331588602091167
600421.XSHG,-0.010924374104595293
300520.XSHE,0.02176447791338876
003001.XSHE,-0.001895704784500643
600216.XSHG,0.030732635079253834
000582.XSHE,-0.0016802009397728686
600642.XSHG,0.011494571709680766
603990.XSHG,0.0556495570876762
300919.XSHE,0.08650652321749347
002309.XSHE,-0.009065044082777212
603286.XSHG,-0.017527122832631935
603897.XSHG,-0.010885283783745519
688595.XSHG,0.015728587859570993
300730.XSHE,-0.0119260804708298
603819.XSHG,-0.015909213687631794
601872.XSHG,-0.0008243686613139828
603786.XSHG,0.030429714135089783
600976.XSHG,0.04379832384444104
600068.XSHG,0.0033857556705469715
002051.XSHE,-0.001111703129572773
601599.XSHG,-0.012504146460843447
300398.XSHE,0.009798819565536082
688698.XSHG,-0.008186464849877818
600107.XSHG,-0.013230559534663481
000559.XSHE,0.029356715196100027
600237.XSHG,-0.005591986679230049
000006.XSHE,0.041057300927154504
000692.XSHE,0.0023733156659496157
002286.XSHE,0.03220708699756776
688619.XSHG,-0.009153826065785707
000425.XSHE,0.07405039430103515
603045.XSHG,-0.01580947404000648
600243.XSHG,-0.014495305324079291
002393.XSHE,-0.009575649967251545
603379.XSHG,-0.005206777297861012
002149.XSHE,0.0022876570944035807
688055.XSHG,-0.001824334311189541
600886.XSHG,0.18043162155081435
300603.XSHE,-0.008601079609331833
002765.XSHE,-0.008940682593586373
600641.XSHG,0.08854826131767031
601512.XSHG,-0.005388873068848404
300408.XSHE,0.06246824648236769
688396.XSHG,0.024659608444570293
603090.XSHG,-0.016771958408313876
600198.XSHG,-0.007176510364032722
002136.XSHE,-0.014094869081633321
000070.XSHE,-0.0004664628877413743
300771.XSHE,-0.00485812854609113
002024.XSHE,0.06308053600555723
300268.XSHE,-0.00839442850268082
002426.XSHE,0.006091721401266409
002485.XSHE,-0.007571702392445687
600486.XSHG,0.15229886563094908
300908.XSHE,0.028595576823953146
300089.XSHE,-0.004644681812355486
002086.XSHE,-0.018221269404779954
300367.XSHE,0.05524880396379893
300192.XSHE,0.007723520343042169
000673.XSHE,-0.01742414940617742
000502.XSHE,-0.01421797814459094
000541.XSHE,0.010893633122603281
603558.XSHG,0.0003111985500987083
300571.XSHE,0.006504462981144191
300880.XSHE,0.001981862420849403
300096.XSHE,0.01639303498280325
600172.XSHG,0.057575235863241966
603838.XSHG,-0.015849248981542226
002160.XSHE,-0.010792045868138648
300505.XSHE,-0.015595760216383779
300213.XSHE,-0.008272592947715072
600604.XSHG,0.08040102095940871
300134.XSHE,-0.003286861360706616
600776.XSHG,0.018855333401112315
688630.XSHG,0.01589620115855712
000419.XSHE,0.002063838541081605
300215.XSHE,0.012763151954000705
002700.XSHE,-0.007880082075157628
688089.XSHG,0.008231391409115349
000516.XSHE,0.40692490110264445
300276.XSHE,0.009521767973183238
603639.XSHG,-0.0006992790936889565
000571.XSHE,-0.007948525902177187
000823.XSHE,-0.008239281569259158
600380.XSHG,0.1425426585859827
002430.XSHE,0.03443392796145562
002768.XSHE,-0.001685465542107632
002400.XSHE,0.015854369312688132
300278.XSHE,-0.007699054167319105
600004.XSHG,0.004644741716014081
600722.XSHG,0.003523535639591645
688609.XSHG,-0.012187721788382148
300907.XSHE,0.015209438169789442
002980.XSHE,-0.005185413235581535
600908.XSHG,-0.0076118656894895755
603601.XSHG,0.026666495003023268
300511.XSHE,-0.010577822589549892
603022.XSHG,-0.0024227314086461907
002080.XSHE,0.02768070851142544
002773.XSHE,0.010105142085068502
002988.XSHE,-0.011142067193296322
600652.XSHG,0.8353105928344577
300033.XSHE,0.4181865926772459
600481.XSHG,0.003010808776782241
600452.XSHG,0.03289124195991826
603603.XSHG,-0.01478628531675702
603787.XSHG,-0.012839748259933816
603618.XSHG,-0.007896819634471499
300961.XSHE,-0.002165662663066229
002397.XSHE,0.004259534818732393
300205.XSHE,0.020752221063668752
300265.XSHE,-0.007146796922399825
603005.XSHG,0.01599652368032724
000669.XSHE,-0.019426329604315395
601018.XSHG,0.0019715012811668325
603086.XSHG,-0.014234053779843433
002261.XSHE,0.02693312487026946
603266.XSHG,-0.01386726849390918
300421.XSHE,0.0015325361278338556
603042.XSHG,-0.017210770824103924
300819.XSHE,0.032703207284683636
002546.XSHE,-0.008169302380983021
688379.XSHG,-0.012414498181868645
300154.XSHE,0.0019123201375819063
603080.XSHG,-0.012897026003665744
002254.XSHE,0.028904288250035125
603976.XSHG,0.019374228027328848
002087.XSHE,-0.014605794621366882
300428.XSHE,0.0032845069395506053
603988.XSHG,-0.0009816294936305665
601377.XSHG,0.00789886719362765
688186.XSHG,0.0025126305712413685
603232.XSHG,-0.0009300920056616018
000066.XSHE,0.1211762162623074
002573.XSHE,-0.0008357598254431116
300608.XSHE,-0.007313887032548953
300768.XSHE,-0.001001518739581723
300480.XSHE,0.014054856443851705
300640.XSHE,-0.010279418878158187
300773.XSHE,0.01616599063980946
300254.XSHE,-0.013942934503354472
002567.XSHE,-0.00604190023508435
002647.XSHE,0.018876355484330178
300195.XSHE,-0.00706622292366825
600647.XSHG,0.07655066221964792
002389.XSHE,0.04947285132409338
300748.XSHE,0.00876062463286159
300058.XSHE,0.025652217047797087
002128.XSHE,0.008512883813281583
603027.XSHG,0.035086962527766656
600023.XSHG,0.0007157036734672612
688468.XSHG,0.027788873524752178
688085.XSHG,0.05557071808188302
002241.XSHE,0.5418506872129032
300923.XSHE,-0.01343984576265124
600583.XSHG,0.008711461624114186
000762.XSHE,0.04239964674026056
300946.XSHE,0.0061332446350007164
603869.XSHG,-0.0082694667624246
688051.XSHG,0.006603254706116304
000821.XSHE,0.0025909556406917226
600685.XSHG,0.004570617836231995
000731.XSHE,0.0008875008064940342
603956.XSHG,-0.005904775390800082
003005.XSHE,-0.009101941279051042
002749.XSHE,-0.002508873788941152
002931.XSHE,-0.01029630809913451
300010.XSHE,0.023932904218617677
603118.XSHG,-0.008539867186337728
000514.XSHE,-0.013882673242346665
000531.XSHE,4.043946366047435e-05
002378.XSHE,0.008238193080255404
002606.XSHE,-0.008851022805981892
600399.XSHG,0.020648151933501266
603389.XSHG,-0.015423406404015842
300364.XSHE,-0.006089261517039524
300911.XSHE,0.06363706894689611
000976.XSHE,-0.006200587935002758
300155.XSHE,0.01140557040014577
001872.XSHE,0.012196379076812078
600705.XSHG,0.04640726844489663
603979.XSHG,-0.00441825985886349
002770.XSHE,-0.016036855797603528
300802.XSHE,0.002815821554885011
688228.XSHG,-0.011640823440076123
300680.XSHE,0.0003700021128525896
603955.XSHG,-0.012754164432692113
002767.XSHE,-0.018553924437724714
300261.XSHE,0.03148127694864113
600177.XSHG,0.03219541108649204
600797.XSHG,0.0006089795204595426
300894.XSHE,0.03377137850505447
002835.XSHE,-0.01439409395458854
300042.XSHE,0.008432672606922723
002570.XSHE,-0.009386727976080488
300766.XSHE,-0.007686579150034638
002872.XSHE,-0.01694696737879106
600390.XSHG,0.004909131068146026
000912.XSHE,-0.010267217253662333
300807.XSHE,-0.013720080617937797
300688.XSHE,-0.009963896993947233
002297.XSHE,-0.009646172442925672
000906.XSHE,0.013184293863738254
002623.XSHE,-0.004261952827092252
688178.XSHG,-0.012161251233202369
300435.XSHE,-0.0029587207558118434
300967.XSHE,-0.008157609693760788
002111.XSHE,0.019298356114194434
600693.XSHG,-0.008856371115374429
688002.XSHG,0.057204654260447976
002472.XSHE,0.05365645539231203
300535.XSHE,-0.017500432867843946
300325.XSHE,0.009846564400987742
002279.XSHE,0.0012018012303928356
600251.XSHG,0.006323510541961355
600017.XSHG,-0.009213637578428545
002594.XSHE,0.07123751329247545
600815.XSHG,-0.009231184128113584
300611.XSHE,-0.013529626763689524
002180.XSHE,0.025702177652261834
603908.XSHG,-0.015344722092559382
002739.XSHE,0.0073847461579793884
600578.XSHG,-0.003055140051039042
600740.XSHG,0.011432490734584886
300416.XSHE,0.02839336504951874
300370.XSHE,0.030272217209701704
688336.XSHG,-0.004791654615225228
600483.XSHG,0.003322382682470871
002497.XSHE,0.036555148403417205
300925.XSHE,0.00921666807292509
600868.XSHG,-0.0018177170369705932
002568.XSHE,0.49993988970719866
600191.XSHG,-0.01851498100742006
300457.XSHE,0.028158676419240677
002590.XSHE,-0.0059183251227217775
600220.XSHG,-0.011197349012234023
300288.XSHE,-0.001220294501183031
600918.XSHG,0.007229877450252329
300084.XSHE,-0.015161809237668817
300299.XSHE,-0.004862517424200845
002916.XSHE,0.034004545828581874
000799.XSHE,0.20714946222351785
600057.XSHG,0.012833439236719018
600820.XSHG,0.007925930362244355
300331.XSHE,0.05192581403390417
603169.XSHG,-0.011761616747215738
000061.XSHE,0.014866704290915892
300239.XSHE,0.011135763862607818
300262.XSHE,-0.010264277255923378
600515.XSHG,0.010493474960981701
600778.XSHG,-0.014364825169568458
300793.XSHE,-0.010829403566161532
002147.XSHE,-0.010463881956243955
688079.XSHG,0.0027931958969598415
600567.XSHG,-0.002078695706110205
002213.XSHE,0.010375883587927359
000016.XSHE,0.029033926253906772
002052.XSHE,-0.01731772718958059
002460.XSHE,0.7699375132924761
688027.XSHG,0.050669912537503886
600588.XSHG,0.8612611800555354
002455.XSHE,0.017274430691684963
601611.XSHG,-0.004131987675203365
002581.XSHE,0.05261730227039839
600661.XSHG,0.0037572070674867005
300093.XSHE,0.0076110435660215435
300909.XSHE,0.0075218101888879264
000989.XSHE,-0.001228793224274818
688268.XSHG,0.008531265600328799
300581.XSHE,0.04914663556403099
600619.XSHG,0.07701209139239783
000059.XSHE,-0.0031442467810589474
603128.XSHG,0.020372808963518587
603700.XSHG,-0.004901121535295911
603496.XSHG,-0.0041358938204445715
601890.XSHG,-0.004994056044496195
688090.XSHG,-0.013637590385598211
000727.XSHE,-0.00516590641505915
603369.XSHG,0.05451434125268924
002137.XSHE,-0.008775656704763882
600968.XSHG,-0.0032448410711505803
300077.XSHE,-0.0035081289652547643
300986.XSHE,0.06404026441191654
000537.XSHE,-0.003987858236576777
000778.XSHE,0.005154012212841583
601881.XSHG,0.00740254282434747
000001.XSHE,0.8620487964138314
002827.XSHE,-0.004306779584890905
002504.XSHE,-0.019662438343390008
300391.XSHE,0.017316422178772536
300658.XSHE,-0.008091702357292757
000683.XSHE,0.004377794387855402
300684.XSHE,-0.00329019373942681
603085.XSHG,-0.01012625075145646
603568.XSHG,0.02829469514835576
600756.XSHG,-0.0019627997797430664
002097.XSHE,-0.004140774714811055
601058.XSHG,0.050388067721526784
600361.XSHG,-0.013737597671697287
002468.XSHE,-0.0037796379053428655
002432.XSHE,-0.01084064008814126
300863.XSHE,0.0276080740723571
000717.XSHE,-2.1939101738522454e-05
600856.XSHG,-0.014750813404113466
600161.XSHG,0.07940418436133409
600916.XSHG,0.005568255848837634
605488.XSHG,0.008467474615948895
688655.XSHG,-0.00703259483954565
603985.XSHG,-0.0009445248309889707
600184.XSHG,-0.003132228425416406
002323.XSHE,-0.011959932704783608
002166.XSHE,0.0007545032459009265
600306.XSHG,-0.014784465488692953
002452.XSHE,-0.007473307902653738
002108.XSHE,0.00018034865904381983
600987.XSHG,-0.008519584576207847
300590.XSHE,0.010979772004718932
300965.XSHE,0.012729043445332383
000400.XSHE,0.01124846091845814
600116.XSHG,0.013169650943085368
002294.XSHE,0.15879970486289013
300321.XSHE,-0.009215853896028494
600152.XSHG,0.002495278302639896
688133.XSHG,0.1195293546033434
688081.XSHG,-0.014228660450024019
688508.XSHG,0.009200564794166114
600425.XSHG,-0.007667984111410527
000665.XSHE,-0.010099305205411085
300242.XSHE,-0.004899971352003074
688111.XSHG,0.23083751329247526
002886.XSHE,-0.004417224296362399
002413.XSHE,0.004913367705112144
603329.XSHG,-0.015809421009129226
300836.XSHE,-0.01111086494261804
000050.XSHE,0.014600259483153084
002958.XSHE,-0.0034980616492485024
603520.XSHG,0.056913409951711284
688003.XSHG,-0.00707842026384488
002209.XSHE,-0.015272004556808548
002953.XSHE,-0.010910733203752066
600269.XSHG,-0.006688122232001005
002048.XSHE,0.013617713529189963
688315.XSHG,0.04181060724049396
688166.XSHG,0.02784607285023598
002732.XSHE,-0.005043138699494763
002514.XSHE,-0.009729401340920308
300264.XSHE,0.008137620152061573
600213.XSHG,-0.015559648817457104
002466.XSHE,0.2527184430041395
688177.XSHG,-0.0016977020344202346
002922.XSHE,-0.00949733149044332
000863.XSHE,-0.007325369417786863
300565.XSHE,-0.00753475132696731
688617.XSHG,0.19221589187960111
601988.XSHG,0.006037513292475427
002808.XSHE,-0.009879664482570152
605389.XSHG,0.03371824400412597
002030.XSHE,0.16129757431142583
002262.XSHE,0.02905253068989528
600753.XSHG,-0.013993113586417296
600765.XSHG,0.045637039947370096
605005.XSHG,-0.004582626918087422
300388.XSHE,0.00030709766787022016
300767.XSHE,0.1767611304447779
603367.XSHG,-0.008436753637744725
002043.XSHE,0.010145353238155986
688096.XSHG,-0.014557886615623062
600061.XSHG,0.025232686464371008
600651.XSHG,0.845883921483613
000920.XSHE,-0.012929502745533464
600400.XSHG,-0.0072766436037885445
688333.XSHG,0.019311587981487403
002706.XSHE,0.14350501696973922
689009.XSHG,0.03126811040699516
003000.XSHE,0.0008592332647449543
300212.XSHE,0.04561933393223083
002726.XSHE,0.04024782970147158
002871.XSHE,-0.014149389538291512
000525.XSHE,-0.007364710548776788
300018.XSHE,-0.0015187690858776415
603103.XSHG,-0.004569324498126505
000100.XSHE,0.012498344439401541
300434.XSHE,-0.0036064686026446788
002598.XSHE,-0.012201895999777964
000751.XSHE,-0.00944529041579912
002998.XSHE,-0.011699451371604929
601702.XSHG,-0.006539706851662178
603338.XSHG,0.20050990255214124
600790.XSHG,-0.010324865572265442
603033.XSHG,0.034793985482226855
002584.XSHE,-0.0015715832902772255
300106.XSHE,-0.009753800709309188
002756.XSHE,0.05346326212430992
300531.XSHE,0.03059607560861674
601618.XSHG,0.0022419502545804517
603978.XSHG,0.04034582015678245
600153.XSHG,0.0086597566602408
688036.XSHG,0.0844021635455688
601360.XSHG,0.01072959691623484
002418.XSHE,-0.013067413387164942
002444.XSHE,0.06825510957191618
601865.XSHG,0.015641272050772044
002639.XSHE,-0.0033958211959227904
603129.XSHG,0.08427663732218
002107.XSHE,-0.0002247582684671793
601238.XSHG,0.014416409261935898
603390.XSHG,-0.012874992669437178
300185.XSHE,-0.0032909764114168487
002597.XSHE,0.06503652867087929
688678.XSHG,-0.00770721174967649
601666.XSHG,-0.0008208284434039698
601028.XSHG,0.00021287201491138052
300187.XSHE,0.014558951312919174
002215.XSHE,-0.0037971811017189095
300672.XSHE,0.09037026952337436
600532.XSHG,0.002308727468275663
600880.XSHG,0.010561891631293069
300769.XSHE,0.43993637675037056
600222.XSHG,-0.0022156127420989383
600845.XSHG,0.20242782236744378
002978.XSHE,0.019978861992158127
000752.XSHE,-0.012303940443178334
002334.XSHE,0.005740327937331728
002896.XSHE,-0.01281197516634178
000690.XSHE,0.04946482090654261
300652.XSHE,-0.014274350264455875
600737.XSHG,0.06148928692570342
600865.XSHG,0.01730623793365165
600072.XSHG,-0.0010416007614678646
002012.XSHE,-0.01024043054140257
605118.XSHG,-0.005527378062360187
002550.XSHE,-0.002326255491679502
600668.XSHG,-0.004621087150018577
000021.XSHE,0.06270091368650493
300307.XSHE,-0.00804166249625252
300461.XSHE,-0.009938044988162188
600289.XSHG,-0.0115739430524303
300756.XSHE,0.03526287728827393
688321.XSHG,9.804432451530204e-05
600597.XSHG,0.006610311699667526
601515.XSHG,0.001330505914703843
300789.XSHE,-0.006568541857030789
300940.XSHE,0.02056483686565437
300542.XSHE,-0.0015707564052932395
000532.XSHE,0.005815422757026309
002382.XSHE,0.043776802427972904
600426.XSHG,0.1003181526381472
601996.XSHG,-0.012264666625523366
600381.XSHG,-0.012655600759446974
002795.XSHE,-0.012169799085275632
002031.XSHE,-0.007340719199846406
605377.XSHG,-0.0100996600800164
600611.XSHG,0.2630825480865229
605299.XSHG,-0.009142062825895466
000627.XSHE,0.02072668024678874
300471.XSHE,0.0141123487642859
600340.XSHG,0.04849988213987529
600770.XSHG,0.009314990188524145
300235.XSHE,-0.009672718932266153
600771.XSHG,0.04167241534049363
000533.XSHE,-0.01564769872745267
000677.XSHE,-0.003006085825686771
601808.XSHG,0.007434896272410402
600548.XSHG,-0.00020586467763544346
300759.XSHE,0.12173751329247526
002100.XSHE,0.007118626118521178
300486.XSHE,-0.004194464239719246
603353.XSHG,0.00011436275945747934
688559.XSHG,-0.00878835581009093
605399.XSHG,-0.01112737401559416
000539.XSHE,0.0038097607224539115
002489.XSHE,-0.001568118334363865
600521.XSHG,0.08438593352701283
688059.XSHG,0.052694399400870624
688139.XSHG,0.03761370650662944
601827.XSHG,-0.0034154470259307184
300085.XSHE,0.0460891805742083
600682.XSHG,0.048676707729977856
600678.XSHG,-0.014411450559696552
601866.XSHG,-0.000140664689372175
300788.XSHE,0.000845724392508209
002617.XSHE,0.028792431874828283
002578.XSHE,-0.009470744058336273
002977.XSHE,0.023050930323626685
002480.XSHE,-0.012841781743291286
603790.XSHG,-0.01505195575272046
000767.XSHE,-0.001591896721457946
603588.XSHG,0.03036496721760635
688526.XSHG,0.00601758043430436
002771.XSHE,-0.013095445301347507
600728.XSHG,0.008240532629871416
002293.XSHE,0.01766494995466179
000151.XSHE,-0.013737821966398774
002347.XSHE,-0.014931122165377012
600035.XSHG,-0.011426452432615036
000629.XSHE,0.002051233212340865
688579.XSHG,-0.010951759764088097
002161.XSHE,0.004275039036282395
600649.XSHG,-0.0016025351345318557
603609.XSHG,-0.006971947386482272
002314.XSHE,-0.009071384352052304
300348.XSHE,0.05621279192000871
300777.XSHE,0.005561684920170932
600122.XSHG,-0.01721491296973382
600018.XSHG,0.00570836609371126
000753.XSHE,-0.010383680095062211
002227.XSHE,-0.0045924020156819755
300513.XSHE,-0.0077213966004804485
600966.XSHG,0.026836790699908516
600459.XSHG,0.02233150631964765
002807.XSHE,-0.00884170806526613
603666.XSHG,0.039118506757506485
300105.XSHE,-0.00876846077893061
601963.XSHG,0.00165688383096648
300580.XSHE,-0.008372681311914312
300342.XSHE,0.0025180091839923733
002942.XSHE,-0.014768064930664442
002350.XSHE,-0.011031997568967191
300514.XSHE,-0.013478176801592526
603221.XSHG,-0.015711104647844882
300861.XSHE,0.03875797118230112
688056.XSHG,0.015132170727796393
688550.XSHG,-0.0004546094621271056
002777.XSHE,-0.0003301169584216182
603848.XSHG,-0.010771985006834147
603577.XSHG,-0.012584588058146353
002644.XSHE,-0.003022853139772361
000068.XSHE,-0.015152049581494006
300727.XSHE,-0.0033386937269393423
603098.XSHG,0.008915470354223581
000822.XSHE,-0.005610064801024526
002114.XSHE,-0.01491670012432795
002955.XSHE,-0.0039093728633452385
300746.XSHE,-0.013977885452402354
603025.XSHG,0.0570390030229297
600339.XSHG,-0.0028765362690960083
603486.XSHG,0.16882281224919304
002787.XSHE,-0.014181566257955951
600917.XSHG,-0.0018630676461687612
688127.XSHG,0.004255940183031189
688393.XSHG,-0.00855128833319041
688116.XSHG,0.06793357123443113
300133.XSHE,0.03492457661447982
600278.XSHG,-0.007093593286611567
600549.XSHG,0.0931282355617361
300177.XSHE,0.02519187358062136
600980.XSHG,-0.013510635731928972
300508.XSHE,0.0006253231979022784
300127.XSHE,-0.0037953567613837266
603131.XSHG,0.00416675168145415
300101.XSHE,0.0408994178193123
300253.XSHE,0.13492491498138637
603160.XSHG,0.07107692210962237
000605.XSHE,-0.012147200636246101
000856.XSHE,-0.015848833096503576
300289.XSHE,0.0020563683841324093
000951.XSHE,0.0173922397359044
605016.XSHG,0.017817771848876937
002519.XSHE,-0.0039057394792242957
002040.XSHE,-0.01417992972003813
601869.XSHG,-0.0002292536951295117
000893.XSHE,0.019107585409409218
300328.XSHE,-1.0605248625256136e-06
002658.XSHE,0.03558695069850205
300443.XSHE,0.01623501105936537
002892.XSHE,-0.005466554232427459
002443.XSHE,-0.013035063840997767
002895.XSHE,-0.011387813940501182
600322.XSHG,-0.016708190844909716
605398.XSHG,-0.011026976925284291
603305.XSHG,-1.2108517983104583e-06
002721.XSHE,-0.008381591065845765
000917.XSHE,0.0023210517762008546
600200.XSHG,0.05393536312924831
300291.XSHE,-0.0005929044433950446
000042.XSHE,0.0058894227944168796
000536.XSHE,-0.0021894982726738364
300879.XSHE,-0.008929007862765636
002264.XSHE,-0.011187383193523866
600100.XSHG,0.025941655780033275
002779.XSHE,-0.004241279750188936
300945.XSHE,-0.006967596418465033
600518.XSHG,0.05945230428392853
600522.XSHG,0.018857682234116723
601900.XSHG,-0.009063867063410943
000695.XSHE,-0.013516357048092868
600310.XSHG,-0.008059168072276714
600158.XSHG,0.055330340405194585
603659.XSHG,0.04859191756566341
300957.XSHE,0.3603760197868769
002495.XSHE,-0.010301314719205961
300464.XSHE,-0.0007992231441134312
600805.XSHG,-0.006369041480021615
002330.XSHE,-0.013255204507464372
000581.XSHE,0.01898990958365261
603218.XSHG,0.010008796520053747
002833.XSHE,0.0424440219590638
600581.XSHG,0.027680388649507233
002409.XSHE,0.13437951691986108
002687.XSHE,-0.012489563971142911
600000.XSHG,0.027037513292475574
605050.XSHG,-0.009620108489396107
001896.XSHE,-0.004954593875837091
300071.XSHE,0.009743850747426858
300692.XSHE,0.004437780083020631
601225.XSHG,0.00936221676072789
002881.XSHE,-0.0036015976233348974
300643.XSHE,-0.007383845055984824
600060.XSHG,0.02581846832972168
300113.XSHE,0.0247402752270893
300026.XSHE,0.07904853722544093
605338.XSHG,0.015651570244520532
688298.XSHG,0.0784429961976436
002027.XSHE,0.08343751329247544
002135.XSHE,-0.00452421148288988
300231.XSHE,0.004506145781532661
300599.XSHE,-0.011089520886216737
600993.XSHG,0.22462743654821046
000007.XSHE,0.002731737259178378
603896.XSHG,-0.00198850503985323
603899.XSHG,0.11731484258322904
000065.XSHE,0.07002686619678704
002507.XSHE,0.15559091672610895
601949.XSHG,-0.0032254500303819387
600021.XSHG,-0.0036816576239350578
300099.XSHE,0.0063616552793752355
002067.XSHE,-0.012574608040060187
300196.XSHE,0.08347395955052789
603040.XSHG,-0.00998227207437643
300753.XSHE,0.011422524709215804
600715.XSHG,0.004186523159963474
603259.XSHG,0.17203751329247527
603383.XSHG,-0.0014639571351590629
300990.XSHE,0.005944682030706156
300858.XSHE,0.025811337575063764
002761.XSHE,-0.006531967928171407
002225.XSHE,-0.011318494275280644
300732.XSHE,-0.010084865787441513
605151.XSHG,-0.010221749943301463
603725.XSHG,-0.01654177700306826
601139.XSHG,0.00116075859696875
600392.XSHG,0.049117560252661514
300855.XSHE,-0.004992448133282291
000928.XSHE,0.0179147772884765
603333.XSHG,-0.009020530014773613
002946.XSHE,-0.001816946360408262
002521.XSHE,-0.005139891476535135
000852.XSHE,-0.009898714817215217
605122.XSHG,-0.006280946228964246
688628.XSHG,0.008014319819401603
002266.XSHE,0.026420015520242764
002437.XSHE,-0.0011968531462686963
002515.XSHE,-0.003667370157368493
601128.XSHG,-0.0030951997491228383
603158.XSHG,0.012473818414297571
300107.XSHE,-0.002477923735316835
300711.XSHE,-0.0028829323217833165
000417.XSHE,0.02413043420307364
002973.XSHE,-0.007522593480854654
300973.XSHE,0.12643138684465702
600992.XSHG,-0.01493976245930986
601566.XSHG,-0.007279350519837093
000518.XSHE,-0.004375147798384644
002464.XSHE,-0.02301942291640698
600638.XSHG,0.009203305480857994
002802.XSHE,-0.00900523060373935
300310.XSHE,0.0009664544330788543
002926.XSHE,-0.0017240130932517244
000586.XSHE,-0.012839481086965126
601229.XSHG,0.00817492078204252
601577.XSHG,0.0007802735419174998
300536.XSHE,0.003678385293743716
002214.XSHE,0.015829875132328104
300510.XSHE,0.014372517987150597
600713.XSHG,-0.000351666483901239
300409.XSHE,0.020297724203750936
603880.XSHG,-0.011848990740432766
300953.XSHE,0.03490698377142985
000663.XSHE,-0.009522071306109568
300595.XSHE,0.3561984343353864
603829.XSHG,-0.017566883605685948
300588.XSHE,-0.010867329245496295
002423.XSHE,-0.0026587923747589596
600556.XSHG,0.004858904936472678
002440.XSHE,-0.0010525752544183632
002308.XSHE,-0.00848130911401998
002036.XSHE,0.01981836157451016
601616.XSHG,-0.015612613234816568
600075.XSHG,0.013368091695347906
002006.XSHE,0.003434605089383487
600015.XSHG,0.008672024500898042
000026.XSHE,0.07262798807401091
000543.XSHE,-0.007713115776505616
601717.XSHG,0.010082923898015145
300329.XSHE,-0.01053166290689896
300295.XSHE,-0.0006427844043705479
603500.XSHG,-0.011274032544697332
002360.XSHE,0.007123330833075953
600123.XSHG,0.004414569387498015
000155.XSHE,0.013373555753599928
300762.XSHE,0.007062355113528849
002369.XSHE,-0.004981099422411043
603655.XSHG,-0.011464902573724772
002738.XSHE,0.012218295503218991
688788.XSHG,0.0516626175462746
603616.XSHG,-0.016954602496662863
603290.XSHG,0.11679789931728365
688626.XSHG,0.04468280676224172
002941.XSHE,-0.009023473106975394
603559.XSHG,-0.014152551201774197
600596.XSHG,0.04244018602456266
000622.XSHE,-0.011192018690137313
000420.XSHE,-0.002088220428175436
002662.XSHE,-0.006815714840169104
300055.XSHE,0.04086349029001274
300803.XSHE,0.012367184022004329
000816.XSHE,-0.011934222497791526
002250.XSHE,0.03062371931216124
688083.XSHG,0.5864554974097321
603606.XSHG,0.007774603549082036
002712.XSHE,-0.010206337039543326
002223.XSHE,0.1797745368152278
002632.XSHE,-0.006592513800857005
300765.XSHE,0.03202995858053974
600793.XSHG,-0.0029943764550010837
600844.XSHG,-0.005731759654370765
603706.XSHG,-0.012443558258477292
002589.XSHE,-0.0013482728050072477
300121.XSHE,0.014469045776032518
601966.XSHG,0.02346793844971401
600605.XSHG,0.14496216834649633
600639.XSHG,0.010434907429511003
300504.XSHE,-0.007971043387082516
603351.XSHG,-0.005252900032324155
002847.XSHE,0.03972797127657128
002459.XSHE,0.01890652657080254
300040.XSHE,0.007886485539611635
603861.XSHG,-0.013835771075226544
002626.XSHE,0.38812943458427007
002203.XSHE,0.018195450901190735
300052.XSHE,-0.011619659382300793
603328.XSHG,-0.008684105636311463
600027.XSHG,-0.0010343744704875062
601208.XSHG,0.003899693033625539
300218.XSHE,-0.01355857939162963
603078.XSHG,0.008030971995003142
300740.XSHE,0.015539122497920365
000651.XSHE,0.8620487964138314
601186.XSHG,0.0053374744300798554
605008.XSHG,0.0005576688730680335
000589.XSHE,-0.005424021424336905
300317.XSHE,-0.0035298891655409035
300352.XSHE,0.04305004621612909
603901.XSHG,0.03121395696524026
600408.XSHG,-0.007414274290883648
603009.XSHG,-0.01306698599349665
002935.XSHE,-0.003300337300627239
300383.XSHE,0.05825170606104702
600622.XSHG,0.1598460834587498
300168.XSHE,0.025071068361135564
300631.XSHE,-0.006754311292342942
300193.XSHE,0.014987007227558635
002155.XSHE,-0.00013364034799790737
300418.XSHE,0.019436542001033782
000613.XSHE,-0.019583660896616985
002210.XSHE,0.0024226867514401517
300452.XSHE,0.02207485990687806
300069.XSHE,-0.01490046189826435
300935.XSHE,0.012366460187393761
000608.XSHE,0.00039759581819402007
600151.XSHG,0.00992075204373816
600420.XSHG,0.05659214263690346
600702.XSHG,0.2905134160266608
603538.XSHG,0.008588828473430992
002870.XSHE,0.0005920947499656118
601956.XSHG,-0.01299247985444904
600673.XSHG,0.0051690752719578716
300455.XSHE,-0.00023502818704094694
688521.XSHG,0.015287772729287113
603260.XSHG,0.024263848900350573
000628.XSHE,-0.005872674025815254
300030.XSHE,0.005679519083313539
002456.XSHE,0.050846271902436624
600117.XSHG,-0.007802353665910409
300626.XSHE,-0.012563690107060575
600884.XSHG,0.22309784067696153
600226.XSHG,0.015440100868802266
603311.XSHG,-0.016043740192603885
688386.XSHG,0.01381311897534304
300160.XSHE,0.004119945309502587
300557.XSHE,-0.014375736830560842
300798.XSHE,-0.013266887362711446
002884.XSHE,0.00986857631152985
002422.XSHE,0.04849078010214967
000401.XSHE,0.007308887688975286
000831.XSHE,0.02113221511655501
002299.XSHE,0.018526953929317976
002939.XSHE,-0.00021063731590052455
002231.XSHE,-0.00918680460369818
002832.XSHE,0.02365057322378023
600438.XSHG,0.28343751329247513
002351.XSHE,0.016571266833855333
600629.XSHG,-0.0017118763906863455
300828.XSHE,-0.011706213052281606
002786.XSHE,0.00017837196358926055
002271.XSHE,0.8620487964138314
600112.XSHG,-0.019033547450234563
000039.XSHE,0.1923703578044919
601601.XSHG,0.013637513292475398
601117.XSHG,0.0015225981592890056
000890.XSHE,-0.01802369673911417
603111.XSHG,-0.011983570100517607
003026.XSHE,0.020510397228250155
688217.XSHG,0.18766155387476197
603557.XSHG,-0.01592258986869942
300936.XSHE,-0.005324024953410564
603165.XSHG,-0.004849472551892355
300170.XSHE,0.03066628557026045
002269.XSHE,0.002333675702612864
603032.XSHG,-0.012249794349311224
300128.XSHE,-0.004986914826194679
603326.XSHG,-0.005177637157244048
601689.XSHG,0.04116074697436312
600803.XSHG,0.05601392843121921
600869.XSHG,0.0015033846234574176
603121.XSHG,-0.014965941261583031
002085.XSHE,0.00026572690323134647
600351.XSHG,-0.00482566623155134
600988.XSHG,0.051243214189443276
688558.XSHG,0.0014022189678505933
003015.XSHE,-0.010842487994322528
603168.XSHG,0.0005051971345281445
600681.XSHG,-0.004217367337199126
300582.XSHE,-0.005512305057292688
600261.XSHG,0.012995414667752793
002524.XSHE,0.05202792608037989
603101.XSHG,-0.015401142327313995
000025.XSHE,-0.004404865027937363
300645.XSHE,-0.011394997146555412
300951.XSHE,0.0005323815783674531
300958.XSHE,-4.596985747071583e-06
300634.XSHE,-0.007840766735255036
600118.XSHG,0.18884062721389042
300507.XSHE,0.000985675627831608
688018.XSHG,0.05369305999735213
688618.XSHG,-0.014415148193583908
002095.XSHE,-0.0033967953751684373
002045.XSHE,0.006998617274002141
603866.XSHG,0.06836546828929978
600313.XSHG,-0.009330637777147044
002168.XSHE,0.012979615168222719
600551.XSHG,-0.0036880439895174647
000755.XSHE,-0.017964804118704145
002972.XSHE,-0.012537506068164969
002121.XSHE,-0.0021444653523398412
002877.XSHE,-0.014935201882765266
002849.XSHE,-0.015823500377659668
300831.XSHE,-0.012622288283817612
300576.XSHE,0.04019023649411682
605199.XSHG,0.0066919496287579094
600160.XSHG,0.046681927860472316
001979.XSHE,0.0067579971800473685
601107.XSHG,-0.008792555985667298
000859.XSHE,-0.0090294201047547
300527.XSHE,-0.003490099041431636
600078.XSHG,-0.01764760322202461
600584.XSHG,0.05890994858665997
002447.XSHE,-0.0038275305623498464
300845.XSHE,-0.011436499794930454
688233.XSHG,0.0009274831004215441
300148.XSHE,-0.004859296716679798
600358.XSHG,-0.010356271128569542
600872.XSHG,0.14882447440243343
003038.XSHE,-0.005677781357042857
600969.XSHG,-0.015148819331738344
002146.XSHE,0.03051386079724953
688335.XSHG,-0.012466415093486484
688577.XSHG,-0.005880596849827689
603737.XSHG,0.13349236040075083
300780.XSHE,-0.015928129944193715
600126.XSHG,0.0021334640755031973
002667.XSHE,0.026367642350699428
002212.XSHE,0.009268183878361322
603155.XSHG,0.012571553091293318
003018.XSHE,-0.012081205887882033
688004.XSHG,-0.010562073636809593
002976.XSHE,-0.014734399401954581
601111.XSHG,0.00826063929774273
002820.XSHE,-0.015035278189748102
603099.XSHG,-0.016100327789286925
002139.XSHE,0.048549819147599815
000593.XSHE,-0.00868809395682624
300255.XSHE,0.02135528077395156
002883.XSHE,-0.008990997668940058
600469.XSHG,-0.01272795781114796
603306.XSHG,-0.0008661491007728762
002516.XSHE,-0.005019052683463579
600311.XSHG,-0.017676507476228818
600170.XSHG,-0.0005976547269634373
600525.XSHG,0.009127973067201856
688008.XSHG,0.02195656417570722
300308.XSHE,0.04996209999777655
300593.XSHE,0.032635042345921315
300250.XSHE,-0.004452372910697191
603998.XSHG,-0.007509635326985238
688222.XSHG,0.03502641862147596
601226.XSHG,-0.013329432451711667
002103.XSHE,-0.014625855337801107
002918.XSHE,0.019499144167677257
600227.XSHG,0.002057897907992483
688016.XSHG,0.2831553877049273
002300.XSHE,-0.0012938774945729092
002995.XSHE,-0.007095478958014965
603043.XSHG,0.0018362326954420348
600391.XSHG,0.001727087541895973
300122.XSHE,0.3506375132924754
300887.XSHE,0.08815848213815697
300795.XSHE,0.010212238480000697
600602.XSHG,0.6033508872695932
000999.XSHE,0.005592784958803069
300933.XSHE,-0.007987090571395659
605168.XSHG,0.03253876256245718
300709.XSHE,-0.0038499073765299718
002175.XSHE,-0.008055283505193534
605289.XSHG,-0.004950600183430919
000712.XSHE,0.04241096856287099
601162.XSHG,0.00035707698398222275
003013.XSHE,-0.007201762408492976
300371.XSHE,-0.00888634956652348
300846.XSHE,-0.004340070430174874
603197.XSHG,-0.002464526617360817
002420.XSHE,-0.017862942044041163
300776.XSHE,0.04545223078166802
600523.XSHG,-0.006369502240616808
002557.XSHE,0.09715684482370077
603360.XSHG,-0.008693128882966774
002692.XSHE,-0.012316668144314986
600327.XSHG,0.07552328974543916
300339.XSHE,0.13460582320757516
002322.XSHE,-0.006716261336005905
600173.XSHG,-0.012780880737154143
603876.XSHG,-0.009386145857181217
000937.XSHE,0.0013627293623439942
600463.XSHG,-0.015180467108251078
600785.XSHG,0.017039201982447596
000548.XSHE,-0.016533486957493616
688398.XSHG,0.00824385751583356
300189.XSHE,-0.006617657009734717
300860.XSHE,0.0176645416145685
300111.XSHE,-0.013438273619370136
603226.XSHG,-0.015675190189853798
002818.XSHE,-0.004164212395781566
601999.XSHG,-0.0015244472862210208
300059.XSHE,0.44723751329247624
600111.XSHG,0.13583212455800853
002864.XSHE,-0.007276620648317878
300063.XSHE,-0.0007339798429720872
000426.XSHE,0.04362417180346014
000960.XSHE,0.009879187142886041
002531.XSHE,0.004243523174400233
300786.XSHE,-0.011186968436552962
002295.XSHE,-0.017234589056791056
603087.XSHG,0.0837882928854499
002585.XSHE,0.009681821798717752
603017.XSHG,-0.011600336896910847
300341.XSHE,-0.003989975488780681
002676.XSHE,0.00039377011938466697
002957.XSHE,-0.005975285519517283
002938.XSHE,0.011201288804541368
300290.XSHE,0.06860753500748962
002990.XSHE,0.02003387559314094
600959.XSHG,-0.005543579651269443
002354.XSHE,-0.007956630598527577
603636.XSHG,-0.006661172928930169
600689.XSHG,-0.015482691084772201
605228.XSHG,-0.011282045523539432
601326.XSHG,-0.006522547301465667
688068.XSHG,0.16219837647160182
300032.XSHE,-0.009730683232184689
300669.XSHE,-0.00376998367925426
300016.XSHE,0.013089639223538216
000510.XSHE,0.0034372263010847767
601020.XSHG,-0.015439104147403689
600196.XSHG,0.7252375132924747
000557.XSHE,-0.007904193706511561
000597.XSHE,-0.004854488683304094
300382.XSHE,0.03804093292862006
605077.XSHG,0.011864688619089547
300493.XSHE,0.0028562734272911047
600188.XSHG,0.018391276402725764
002238.XSHE,-0.0074011734381054005
600707.XSHG,0.011854165840899093
603139.XSHG,-0.016381358243001486
300609.XSHE,-0.014268188948820506
300194.XSHE,-0.006062522599034612
002035.XSHE,0.007578920860431911
603888.XSHG,0.018990410738427804
600665.XSHG,-0.01486862348371766
000901.XSHE,0.02502636628405574
600719.XSHG,-0.01461143402110335
603626.XSHG,-0.00808731122304759
002789.XSHE,-0.013492812322170353
000897.XSHE,-0.011804116995812262
600300.XSHG,-0.0032179242135977736
601636.XSHG,0.02272525430059574
601990.XSHG,0.0019420963898799755
002930.XSHE,-0.0023153933324907457
603028.XSHG,-0.014306495407823836
688199.XSHG,-0.006133738430196363
603969.XSHG,-0.010811998007836561
002540.XSHE,-0.003710748469407237
000157.XSHE,0.3247412528523261
000718.XSHE,0.07011719933400104
002099.XSHE,0.02967269113428812
600108.XSHG,-0.003992441830380703
300755.XSHE,0.03266022907433598
688519.XSHG,-0.003162265196252411
003017.XSHE,-0.009808726670444088
300635.XSHE,-0.0025488465406340016
002017.XSHE,0.03233865089125815
688585.XSHG,-0.010399711982825863
002822.XSHE,-0.009373412950316455
601228.XSHG,-0.0047724419486152685
603656.XSHG,-0.0013690870799295263
000606.XSHE,-0.018438011621235213
000895.XSHE,0.12901022634684978
600580.XSHG,0.008518374066337361
300988.XSHE,0.027229326494331664
603678.XSHG,0.0807727189226649
002689.XSHE,-0.012985673732826542
002811.XSHE,-0.014780109977510225
300725.XSHE,0.15420801410690996
002528.XSHE,-0.007871758197150927
600106.XSHG,-0.012156630194811112
002427.XSHE,-0.011952932157207328
300641.XSHE,-0.01088275038765674
600145.XSHG,-0.013155422644134504
688065.XSHG,0.0035262401024470677
300384.XSHE,0.036498445316720876
002494.XSHE,-0.015726472820916684
002414.XSHE,0.0886063922029789
603638.XSHG,0.05685910260175937
300368.XSHE,0.02461535839328384
002364.XSHE,-0.0035752898869181246
002586.XSHE,-0.007775137852433504
600186.XSHG,-0.009253248024546775
601800.XSHG,0.005535692595189779
603566.XSHG,0.004534669370044224
603995.XSHG,-0.0012983881038087699
600754.XSHG,0.08677940305431485
600368.XSHG,-0.011894611099370088
600873.XSHG,0.006717111518388411
603157.XSHG,-0.01745607363904727
600609.XSHG,0.0322378712828363
002730.XSHE,0.028001983599130226
600516.XSHG,0.03172608005751197
300396.XSHE,0.01648335293744369
601098.XSHG,-0.003300810232414858
300135.XSHE,0.009035046506663272
000923.XSHE,0.008376336720495741
603980.XSHG,-0.011854370450357213
688656.XSHG,0.051028720405869775
002379.XSHE,-0.008980644530106562
600535.XSHG,0.03954157218695121
002291.XSHE,0.005295232909390841
002722.XSHE,-0.01366451936215608
300687.XSHE,0.016674888968192855
300333.XSHE,-0.009493155833016204
002798.XSHE,0.011628700079356876
300351.XSHE,-0.0067943176698089715
688312.XSHG,-0.005561123571996731
300300.XSHE,0.007447151177028434
600298.XSHG,0.19941731045661307
600565.XSHG,-0.0029454322145921127
688358.XSHG,-0.0022288646461643066
300716.XSHE,-0.01622629959069747
688571.XSHG,-0.015313155797863286
600595.XSHG,-0.0034880612215676746
002348.XSHE,-0.012704058241514474
603225.XSHG,0.018228072567208597
300229.XSHE,0.0008411986006987941
002677.XSHE,0.02253395808904944
000615.XSHE,0.18471276598405126
002857.XSHE,-0.014475980468577808
300338.XSHE,-0.012766422120739364
603755.XSHG,0.015096838678445116
300882.XSHE,-0.006098376770943664
000911.XSHE,0.011644760852670657
601788.XSHG,0.01336220678388246
000428.XSHE,-0.00305944638105291
603993.XSHG,0.01436606883010569
002747.XSHE,0.11132343415189698
002039.XSHE,-0.006351517802725698
300509.XSHE,-0.0033921682096401916
300566.XSHE,0.009696497827451297
000430.XSHE,-0.009220633126935605
300247.XSHE,0.0009870721398877007
002256.XSHE,0.015233036330305762
300426.XSHE,0.004126408468865941
000590.XSHE,0.002166649666465594
300910.XSHE,0.07836943702894589
603843.XSHG,-0.015968583234408088
300114.XSHE,0.006323749150014733
688033.XSHG,-0.008096759172624871
601179.XSHG,-0.004000205385996744
300559.XSHE,0.0013833447821229462
300865.XSHE,0.0032742927947877823
002602.XSHE,0.013494007288336812
000801.XSHE,0.015715645664813774
601211.XSHG,0.010137513292475454
601700.XSHG,-0.009220711224548914
600582.XSHG,0.05005661616159851
300538.XSHE,0.024860825010187746
002312.XSHE,0.0525796243376353
000948.XSHE,0.006927237061398788
300523.XSHE,0.003461642238961173
002989.XSHE,0.0015698398426762326
603396.XSHG,0.012416035727870735
603689.XSHG,-0.013436468073763709
688037.XSHG,0.014657877291738992
600550.XSHG,-0.003918281748055066
002572.XSHE,0.19132755455320583
601116.XSHG,-0.011252608248523158
603041.XSHG,-0.01646080504480529
603309.XSHG,-0.008782252006709654
603331.XSHG,-0.014639370543833793
688260.XSHG,0.022136854018664723
300569.XSHE,0.0012946130252694896
688106.XSHG,-0.0016251620653951306
688338.XSHG,0.011803846222379987
300546.XSHE,-0.010274250246756704
002164.XSHE,-0.009652573898398685
300376.XSHE,0.07373072966081867
002616.XSHE,-0.007272144213441939
300921.XSHE,-0.0003588982085616123
600721.XSHG,-0.01801524176351125
600766.XSHG,-0.015264518699593391
603359.XSHG,-0.009363212021732167
300171.XSHE,0.25996295409165626
002345.XSHE,0.0049281704118538
600236.XSHG,0.0030535131693318236
300823.XSHE,-0.010850397922791315
000561.XSHE,-0.011935530790518649
300424.XSHE,0.00244967419255529
002428.XSHE,0.011951409909845008
600336.XSHG,-0.008490960452304686
605177.XSHG,-0.002035221919537745
600855.XSHG,-0.006121192197681213
300573.XSHE,0.1001035564667626
600031.XSHG,0.7933375132924753
002141.XSHE,-0.0025778293270622716
600501.XSHG,-0.0018249873342859706
603203.XSHG,0.024937948283276362
300920.XSHE,-0.003043286687213433
300839.XSHE,-0.011311237628754562
600038.XSHG,0.036926152431704766
000686.XSHE,0.017589415828952754
002913.XSHE,0.010627620448732085
603929.XSHG,-0.014722037359701592
300495.XSHE,0.013030304430602855
002140.XSHE,-0.007308285367140255
603663.XSHG,-0.013506833454095417
300392.XSHE,0.0025977025734056566
300699.XSHE,0.03447129043059591
600048.XSHG,0.0574375132924755
688010.XSHG,-0.0034671197818392265
688288.XSHG,0.0008656802892316011
600667.XSHG,0.0004719366234969642
300484.XSHE,-0.0050071228368904885
002979.XSHE,0.005981594119812882
603833.XSHG,0.2284371851921549
000970.XSHE,0.013332861454326233
600288.XSHG,0.00018020052645511403
002405.XSHE,0.012261415491066664
603088.XSHG,-0.007160016732476321
688155.XSHG,0.03347187893547829
600491.XSHG,-0.004341355995383152
600073.XSHG,-0.004349490332529293
688680.XSHG,0.12600875806137463
002206.XSHE,0.013871412824284664
300708.XSHE,0.019487557076704385
002092.XSHE,0.004404258815898197
600104.XSHG,0.06293751329247532
300132.XSHE,0.038945490296725976
603727.XSHG,-0.011280620674519938
688057.XSHG,-0.001345407520678226
300750.XSHE,0.1651375132924753
300280.XSHE,0.008153480837789712
600983.XSHG,-0.0006594189963927011
600828.XSHG,-0.0006827664916391318
000869.XSHE,0.05527757012404836
600217.XSHG,-0.0033435918842504323
300169.XSHE,-0.0022205575134097936
002945.XSHE,0.000570548266761488
605080.XSHG,0.012262440642111579
605303.XSHG,-0.010599471294401475
600660.XSHG,0.8620487964138314
603298.XSHG,-0.00026055752618555413
002684.XSHE,-0.011034292532767102
002109.XSHE,-0.006602402474257085
000790.XSHE,0.03319430091495543
002301.XSHE,0.009592378699080736
300047.XSHE,-0.0007898587876179631
300080.XSHE,-0.0071219337820344775
600137.XSHG,-0.013710016747923458
605178.XSHG,-0.007860788330447472
003009.XSHE,0.03348830907251394
300048.XSHE,0.0006117219147002053
002755.XSHE,-0.0019351337832903938
002713.XSHE,-0.0069747536576672976
003816.XSHE,0.006037513292475427
688058.XSHG,0.03824077510892629
300522.XSHE,0.024229517277235962
000988.XSHE,0.03010703515654696
688301.XSHG,0.1396936105708488
300666.XSHE,-0.0030900009901274634
003023.XSHE,-0.012984009872037173
300296.XSHE,0.03380127304248675
600129.XSHG,0.00021706996524656526
688099.XSHG,0.030382668492522347
300274.XSHE,0.4108791514367427
603918.XSHG,-0.007417828014712687
603567.XSHG,0.0004599584862696208
600833.XSHG,-0.004600562319680007
603020.XSHG,0.03680920086556844
603600.XSHG,-0.006120837902557004
000682.XSHE,0.0005556714164896333
300987.XSHE,0.04800075681911408
002201.XSHE,0.0010302289928415635
300572.XSHE,0.020029399882616337
601008.XSHG,-0.013453649192516973
002313.XSHE,-0.005372271584906975
603709.XSHG,-0.009601361447181647
603037.XSHG,-0.015419090738426202
000333.XSHE,0.12043751329247503
603890.XSHG,-0.007065430937395483
300029.XSHE,-0.016646914233937844
603335.XSHG,-0.017687733183035875
601901.XSHG,0.004717647115970937
300999.XSHE,0.050137513292475455
002848.XSHE,-0.016574191202718372
300901.XSHE,-0.011631420769771939
002009.XSHE,0.013809675794645327
603970.XSHG,0.0008002710439701313
603398.XSHG,0.007191300828192096
000560.XSHE,0.0025009276792218073
688095.XSHG,0.12073573500795208
002003.XSHE,0.02861989118145187
603053.XSHG,-0.008100114103099267
600279.XSHG,-0.013419422016291087
300605.XSHE,-0.006881420236632345
601608.XSHG,-0.006097782533039322
300563.XSHE,-0.0037060273302351957
000592.XSHE,0.020862564515397312
300787.XSHE,-0.00514469736775117
002361.XSHE,-0.002183844476503773
002463.XSHE,0.006981818590279005
688383.XSHG,0.09234345484697351
002283.XSHE,-0.007055909889274061
603569.XSHG,-0.009830194393472245
000038.XSHE,0.010338329963060751
300211.XSHE,0.003418561403249684
002733.XSHE,-0.0033285307915290815
300131.XSHE,0.04309416894813764
002188.XSHE,-0.02010089941364837
002637.XSHE,0.020990350680297552
600345.XSHG,-0.01259684181340359
300159.XSHE,0.019113228535276895
002593.XSHE,-0.014312535251179231
600967.XSHG,0.010974659529551834
603687.XSHG,-0.01407926091359412
000861.XSHE,0.0010699621532835133
000875.XSHE,-0.005747997849540019
605186.XSHG,-0.013053415241604931
000862.XSHE,-0.006645208789112216
002577.XSHE,0.004370408051940049
000028.XSHE,0.015969367459475567
002691.XSHE,-0.017452707748529923
300870.XSHE,-0.0035948736769860004
600889.XSHG,0.0008470055594212954
002595.XSHE,0.04247452417853071
002535.XSHE,-0.020987900255223776
600764.XSHG,0.03460299947638807
600235.XSHG,-0.015437344636315978
002660.XSHE,-0.012892543007042005
002908.XSHE,0.01605645241182512
300833.XSHE,0.018186988836546326
300227.XSHE,-0.0010070456606860925
300779.XSHE,-0.012005108727742918
300249.XSHE,0.006803563287356668
300136.XSHE,0.1087902110236642
603429.XSHG,0.03534203870186154
600105.XSHG,0.001535770744990353
002909.XSHE,-0.014452084511099523
601668.XSHG,0.006537513292475425
300074.XSHE,0.004170505378892832
603757.XSHG,-0.006767645661422447
300816.XSHE,0.013098883235821512
601108.XSHG,0.002001753353056406
002058.XSHE,-0.015765793449628977
600315.XSHG,0.13394443692269373
603339.XSHG,-0.014601848433475029
300989.XSHE,0.00038916874494377904
001201.XSHE,0.0070335486208882875
600382.XSHG,-0.005566261206582823
603303.XSHG,-0.005365055850253091
000524.XSHE,-0.0035508819594920905
002766.XSHE,-0.016126641135148306
300324.XSHE,0.03004267156460791
600664.XSHG,0.0029819819576286273
605088.XSHG,-0.014905053440730115
605117.XSHG,0.07982268354300132
600456.XSHG,0.06118875179362607
002575.XSHE,-0.002122495605315076
603726.XSHG,-0.010313404641608341
603519.XSHG,0.03732165167573712
688277.XSHG,0.01014435566882872
600558.XSHG,-0.010991033695719011
002357.XSHE,-0.009107612110213761
002090.XSHE,-0.0007827775965523996
300173.XSHE,-0.006622749623893899
300459.XSHE,0.005123394565150031
688123.XSHG,-0.0028313395468014865
688516.XSHG,0.02261015413881986
600378.XSHG,0.013850617147033544
003016.XSHE,-0.009222352937300508
300981.XSHE,0.04693198269742726
002985.XSHE,0.07592528471793028
600552.XSHG,0.01233985075211913
002624.XSHE,0.028320379533366302
603658.XSHG,0.055234482467742846
300217.XSHE,-0.0021003676039857266
600037.XSHG,0.02764403164616864
600834.XSHG,0.019154724591009885
002011.XSHE,-0.001142713820808234
002394.XSHE,-0.009792236361302366
002797.XSHE,0.0006065900962176382
688063.XSHG,0.08166325174374772
300413.XSHE,0.13276634852579594
688218.XSHG,-0.014667943054668005
000413.XSHE,-0.006304769201874427
300724.XSHE,0.06222043857740449
688667.XSHG,0.02345215655505604
601088.XSHG,0.015437513292475467
002759.XSHE,0.017679928841215196
002703.XSHE,-0.007957476567980877
300518.XSHE,0.04026976634041576
300818.XSHE,-0.0033697690716577022
603117.XSHG,-0.017336123869460852
002792.XSHE,0.0016421365774009385
600973.XSHG,-0.005478981476750144
600132.XSHG,0.25318913029586587
002007.XSHE,0.4955457873171486
603112.XSHG,-0.007641451531705528
000810.XSHE,0.008085865168692146
300238.XSHE,0.04874959482200393
688316.XSHG,-0.00593954333944219
601886.XSHG,-0.004273552492973874
600064.XSHG,0.015682275418084084
002311.XSHE,0.2992375132924756
603416.XSHG,0.014637016495499975
603798.XSHG,-0.010784667459592032
600807.XSHG,-0.010164880684533199
000661.XSHE,0.8620487964138314
300703.XSHE,-0.0063359000093702045
603863.XSHG,-0.01567216249047827
000957.XSHE,-0.0073979481043373015
601965.XSHG,0.006868092274829026
002558.XSHE,0.00965814357419308
300852.XSHE,0.017264185725871375
002627.XSHE,-0.009717629252252395
000826.XSHE,0.0018759770438788008
600009.XSHG,0.06606711760878511
002928.XSHE,0.009852541908784408
605298.XSHG,-0.013733657238120279
300365.XSHE,0.027248269411202654
300729.XSHE,0.001324586674406901
600059.XSHG,0.018613772112415466
603828.XSHG,-0.014363482206082048
603810.XSHG,-0.013618703997783938
603933.XSHG,0.009012817245590988
300606.XSHE,-0.01636929370796996
605098.XSHG,0.027373503095544767
002859.XSHE,0.028573183181439334
000611.XSHE,-0.018022212587210134
300560.XSHE,-0.001388596384539361
603806.XSHG,0.10925995953125565
000540.XSHE,0.051564934544136444
000498.XSHE,-0.007926901135993862
300130.XSHE,0.02996556121795744
600080.XSHG,0.025144958197322743
601007.XSHG,-0.015047291660297387
300701.XSHE,-0.011254218271002328
300950.XSHE,0.005572926730960348
002075.XSHE,0.019642836152708475
603179.XSHG,0.004520365592836457
002717.XSHE,-0.005977123624617688
300683.XSHE,0.0038459572153524343
000836.XSHE,-0.00888892503344653
601126.XSHG,-0.00943945774907095
000813.XSHE,0.004432278641970077
002461.XSHE,0.009902544035496869
000088.XSHE,-0.0015270455946388801
002222.XSHE,-0.00040322528158081954
002496.XSHE,-0.003266769533481005
002927.XSHE,-0.011223380292293673
300620.XSHE,-0.00420261456687188
600197.XSHG,0.038837474627137505
300971.XSHE,0.0014397427239695865
600800.XSHG,0.021122370014879183
688128.XSHG,-0.008906368150334708
002841.XSHE,0.0598192784481607
300273.XSHE,0.05411790792424945
600704.XSHG,0.0737297273203741
300616.XSHE,0.08392862842951553
688122.XSHG,0.026497214231092532
000504.XSHE,0.02764831486624019
300381.XSHE,0.0027855394384831977
603893.XSHG,0.03609673719075031
603212.XSHG,-0.0004021889638340312
600794.XSHG,0.00019381502583563567
300293.XSHE,0.05808817817197523
600156.XSHG,-0.01625781507975753
002837.XSHE,0.059805825432816415
300629.XSHE,-0.0063728325389659935
600419.XSHG,-0.006401303759163032
002029.XSHE,0.013207343272282202
600029.XSHG,0.007841045675699633
000667.XSHE,-0.001110956080645209
603817.XSHG,-0.01585253084436685
000166.XSHE,0.006335961071990849
002956.XSHE,0.05059286794150969
300960.XSHE,-0.00699037821942944
300868.XSHE,-0.0033203187604861125
600225.XSHG,-0.01695652558175919
601138.XSHG,0.00843751329247542
002655.XSHE,-0.006603877145715111
002912.XSHE,0.003622170558961843
601677.XSHG,-0.001952438630459177
002791.XSHE,0.1625247405091236
603089.XSHG,-0.014011654931601468
000997.XSHE,0.040685441159227155
601166.XSHG,0.04233751329247545
603730.XSHG,0.009053981764612869
300009.XSHE,0.1642225057174297
000558.XSHE,-0.00870878921266169
600729.XSHG,0.019019407144750936
603886.XSHG,-0.008758461676375128
300035.XSHE,0.05609497128407823
688025.XSHG,-0.009853476107168
603648.XSHG,-0.01355429373965791
600366.XSHG,0.0010652778792177298
002899.XSHE,-0.016266407113930428
000973.XSHE,-0.011138193234726975
300942.XSHE,0.008774120319814161
000513.XSHE,0.31098392152913074
605136.XSHG,0.026081460880057052
002441.XSHE,-0.007448045446737267
300722.XSHE,0.04251038488129323
002236.XSHE,0.15298133946956596
002216.XSHE,0.04384484465241159
600858.XSHG,-0.0010403049914623277
002243.XSHE,-0.005617186934856745
300813.XSHE,-0.008535132168424497
600933.XSHG,-0.0017983781269633233
600798.XSHG,0.0060159715089986455
000408.XSHE,0.060987824632096566
000705.XSHE,-0.005435664061168764
300757.XSHE,0.005751029616974568
600148.XSHG,-0.015237484064997454
600165.XSHG,-0.005625934708352454
300598.XSHE,0.06284591656232645
002126.XSHE,0.001666072090731786
300360.XSHE,-0.009778663643015637
600271.XSHG,0.046050736104331885
600784.XSHG,-0.008302954030951673
300389.XSHE,-0.009269855469461921
000668.XSHE,0.0004636285597321259
002408.XSHE,0.022041538240543182
603378.XSHG,0.014431547003567965
603766.XSHG,-0.008938223652061358
000903.XSHE,-0.0004307108447968132
601009.XSHG,0.017041124787404723
002285.XSHE,0.025621373573619752
000819.XSHE,-0.0105089445173737
603011.XSHG,-0.01571641383599564
600956.XSHG,0.005177630182178463
601231.XSHG,0.007605333012843029
300438.XSHE,0.023370110430742518
600307.XSHG,-0.001216827692850606
300978.XSHE,-0.002689126135124049
688466.XSHG,-0.011275449962747486
300012.XSHE,0.2663840167757122
603868.XSHG,0.013053605580297067
605222.XSHG,-0.008230061816279076
688201.XSHG,0.059359624052153295
600519.XSHG,0.8620487964138314
603922.XSHG,-0.006534690606274483
600936.XSHG,-0.012778505129864845
688677.XSHG,0.04080841382617752
688310.XSHG,-0.008390054486509854
300475.XSHE,0.004854455710492372
688021.XSHG,0.01674598118491498
300549.XSHE,-0.004813594006704303
000639.XSHE,0.009398205176883298
603489.XSHG,0.10313760749407119
300284.XSHE,-0.009919805082989508
688221.XSHG,0.009791446880409973
002678.XSHE,-0.004503417016788212
600882.XSHG,0.07514147191040575
603718.XSHG,0.017539644444713544
603803.XSHG,-0.012372265137135149
002157.XSHE,0.03937284476234585
300899.XSHE,-0.00154706470574386
601086.XSHG,-0.016129424617025847
300721.XSHE,-0.006483750647730192
000587.XSHE,-0.004846552849772097
000570.XSHE,-0.007704913028851117
300735.XSHE,-0.006927065952046225
002446.XSHE,-0.0035393522667974166
300294.XSHE,0.11376328412747723
600919.XSHG,0.006323277666929781
002548.XSHE,-0.010057983363094842
002483.XSHE,0.0006960952416727954
600319.XSHG,-0.0187929698521236
002698.XSHE,0.0007675532099615402
002648.XSHE,0.04888750035059043
002056.XSHE,0.03220231118175836
002783.XSHE,-0.0074432113634281104
003028.XSHE,0.0019090583424241046
600546.XSHG,0.011433985442815375
600070.XSHG,0.017756085190262928
300450.XSHE,0.6499632672160619
600827.XSHG,0.10858338428578815
002234.XSHE,-0.006975190852416459
300600.XSHE,6.711271409067139e-05
603357.XSHG,-0.012669455543535452
600547.XSHG,0.15031363248667673
002821.XSHE,0.424403253701626
300002.XSHE,0.00856849453997262
600909.XSHG,-0.003291148917284728
688500.XSHG,-0.005859520028183702
603299.XSHG,-0.010593785746170332
002545.XSHE,-0.006944536308724389
002419.XSHE,-0.005819469261959213
600482.XSHG,0.004628583439982865
600355.XSHG,-0.01451668205395049
300423.XSHE,-0.0015920764303432589
002415.XSHE,0.46473751329247626
002727.XSHE,0.023500021713427008
300061.XSHE,0.0867260715815565
300430.XSHE,0.01621978945620384
600353.XSHG,-0.0020502903292524514
688088.XSHG,0.004542554200882657
002781.XSHE,-0.016883693021500196
002635.XSHE,0.02759565917499152
002318.XSHE,0.023672981614256676
600312.XSHG,-0.005839204827665538
688029.XSHG,0.13369359712671863
002505.XSHE,0.0007944551224940465
002819.XSHE,-0.006107104994464985
688328.XSHG,0.035980083100941154
000568.XSHE,0.8620487964138314
002851.XSHE,0.027461854507340632
002010.XSHE,0.005099628814753359
603779.XSHG,-0.011184206812972722
688679.XSHG,-0.016446732703527707
688696.XSHG,0.6882402656017729
000099.XSHE,-0.012368622065909343
300233.XSHE,0.0021159144313554253
601456.XSHG,0.005200683378642183
300007.XSHE,0.002987433348288845
002177.XSHE,0.043199468304313315
603178.XSHG,-0.01000738388272225
603685.XSHG,-0.010164395085153823
002893.XSHE,0.009207127650593835
300696.XSHE,0.10232701560231393
601118.XSHG,-0.0035125881893735365
002115.XSHE,-0.0033775287253779533
603063.XSHG,-0.00901937277333361
300941.XSHE,0.03164797332178938
300190.XSHE,0.010396118952389169
002352.XSHE,0.11843751329247543
002670.XSHE,0.002285878384870642
000889.XSHE,0.0026389599071091913
600513.XSHG,0.00806000653937064
002296.XSHE,-0.003322631390947007
603183.XSHG,-0.012977969190354531
603002.XSHG,-0.009441153879613787
000887.XSHE,0.10425396395308185
600006.XSHG,0.011006495108482017
603300.XSHG,-0.0049942477797036205
000672.XSHE,0.036937253716639244
603358.XSHG,0.004526297552912412
300251.XSHE,0.12727139226981998
000710.XSHE,0.08739464966242386
300401.XSHE,-0.0002863677508769102
603083.XSHG,0.0056768792217537795
600698.XSHG,-0.010796117605970802
600171.XSHG,0.014283035393449717
603366.XSHG,-0.012880946663575081
300705.XSHE,0.0049723283632083885
603228.XSHG,0.003440514559493949
002800.XSHE,-0.013670316695562306
002650.XSHE,0.009410415878108704
600139.XSHG,-0.012513890416752292
002657.XSHE,-0.003204030308267566
600025.XSHG,0.005574471354312357
601000.XSHG,-0.003688915284552993
688561.XSHG,0.018521093939718205
002743.XSHE,-0.013612822377838788
002772.XSHE,-0.01390459658203059
605123.XSHG,0.010650911818638389
600277.XSHG,-0.004894208078980801
688357.XSHG,0.020766748586991332
603110.XSHG,0.0397057000277464
600329.XSHG,0.02690459209105245
300260.XSHE,0.0250380137750865
002920.XSHE,0.0638596635558184
300526.XSHE,0.05895839949737833
000032.XSHE,0.025644905259128433
601991.XSHG,0.00123282097706488
600458.XSHG,0.007862240637607558
002897.XSHE,-0.008701048612516388
300706.XSHE,0.001099365595867742
600520.XSHG,-0.015568029338496277
002724.XSHE,-0.00022387314687780102
300184.XSHE,0.00626575969067724
300969.XSHE,-0.006614703940687541
603996.XSHG,-0.020931150243494217
300115.XSHE,0.042134085605384786
002824.XSHE,-0.001185799541612997
300056.XSHE,0.058883606231671215
601390.XSHG,0.0066375132924754235
002860.XSHE,-0.00028338790754480446
603877.XSHG,0.016949650139911097
300492.XSHE,0.037863773514776544
300129.XSHE,-0.0026305663861517763
002019.XSHE,0.11185889681204635
600287.XSHG,-0.012360506264645736
600618.XSHG,0.07901899993272525
003042.XSHE,-0.0030773772394801155
688080.XSHG,-0.012625905419085839
300902.XSHE,-0.007945638583786354
601311.XSHG,0.004645600694986978
300377.XSHE,0.03433118845501878
000761.XSHE,-0.0028680985255432763
000811.XSHE,0.040914079275847434
600053.XSHG,0.004401379332193244
688168.XSHG,-0.006918464841143765
002200.XSHE,-0.01876185414411974
002801.XSHE,0.008986192399791116
300203.XSHE,-0.010610748759147751
600369.XSHG,0.002062086119035409
603533.XSHG,-0.002086467882551989
688050.XSHG,0.18720015105128712
600854.XSHG,-0.010540107936550766
601997.XSHG,-0.001979492836322476
002571.XSHE,-0.0004621692871078706
600975.XSHG,-0.008554967720935681
600210.XSHG,-0.0062445016688593225
002614.XSHE,0.022718749412326013
605089.XSHG,0.17054519741575147
600759.XSHG,-0.009483235842165852
003025.XSHE,-0.005979768691905533
000908.XSHE,-0.002609740923234646
002675.XSHE,0.029440069613140496
603960.XSHG,0.020225415122069483
688639.XSHG,0.05132078763590639
688300.XSHG,-0.0017581356873199797
002736.XSHE,0.007796633012309193
300149.XSHE,0.0385895127212948
002986.XSHE,0.014359605806011212
600706.XSHG,-0.015646922213493918
601555.XSHG,-0.0005274673479683111
300928.XSHE,-0.0028018547363765703
688183.XSHG,-0.005328538481344636
601998.XSHG,0.006837513292475419
605258.XSHG,-0.008554381410400186
002940.XSHE,-0.009444666660676296
600699.XSHG,0.01385944961078455
300533.XSHE,-0.009238018472723514
002728.XSHE,-0.0028114605056476956
603722.XSHG,0.001352875267020246
603068.XSHG,0.01007793057720385
003030.XSHE,0.021032133283209166
601952.XSHG,0.00022311530407055028
002104.XSHE,0.009726760424773004
300815.XSHE,0.014154390363552472
600508.XSHG,-0.003159454764325439
688598.XSHG,0.1586928096218226
601398.XSHG,0.006537513292475425
002094.XSHE,-0.008521186619130955
603269.XSHG,-0.017861893410231786
603385.XSHG,-0.011184078023699341
688202.XSHG,0.23925481330673856
300467.XSHE,-0.0038116396350520183
300008.XSHE,0.019018411221184146
002579.XSHE,-0.0016738486132813687
600866.XSHG,0.00397985137527029
600293.XSHG,-0.011424255695883834
300693.XSHE,0.0008442420003402784
002183.XSHE,0.01692073871358374
300530.XSHE,0.041814808223503266
002885.XSHE,0.013291327053890207
603987.XSHG,0.03425096120646616
600999.XSHG,0.013337513292475386
600755.XSHG,0.01781034044034751
300153.XSHE,0.033544066369115264
002327.XSHE,0.02854087024153214
002588.XSHE,-0.0017732712654994418
300850.XSHE,0.03538780762799827
002195.XSHE,0.012248848756273937
002251.XSHE,-0.002576495905810555
300878.XSHE,0.0012980511451093704
600316.XSHG,0.10127379716637586
603316.XSHG,-0.018466357322386228
300682.XSHE,0.00563164618293983
000888.XSHE,-0.009724168170011819
600732.XSHG,0.006555938537270962
002975.XSHE,0.07699792340082202
300979.XSHE,0.07968865409385101
002228.XSHE,-0.010829829831762065
300578.XSHE,-0.0018359102141675392
603717.XSHG,-0.012946211450191512
000488.XSHE,0.03851654513064939
002118.XSHE,-0.007311082468912782
300775.XSHE,0.00550682291906191
002290.XSHE,-0.011261070716884054
688286.XSHG,0.037912964974463434
600885.XSHG,0.10523660781347885
002403.XSHE,-0.0142171557100894
300952.XSHE,-0.004047714831435095
300602.XSHE,0.016065070847460672
000030.XSHE,-0.00462160764810906
300500.XSHE,-0.011208593140947694
300660.XSHE,0.0007797258562243174
300592.XSHE,-0.008028713450006981
600377.XSHG,0.0072542518349868225
002943.XSHE,-0.014075776241543131
300005.XSHE,0.048394051118907336
002005.XSHE,-0.011499609739885442
002740.XSHE,-0.014025531604881528
002653.XSHE,0.04784808600708032
000046.XSHE,0.020164292801717717
600167.XSHG,0.004531346015866346
600767.XSHG,-0.01382659906431399
300468.XSHE,0.005239526729459045
688777.XSHG,0.02693966104509534
601212.XSHG,-0.00421215125347058
603506.XSHG,-0.010775073892407616
300715.XSHE,0.03236525922935915
002932.XSHE,0.0215037647405633
000625.XSHE,0.13332106465045165
300916.XSHE,0.0005705532349363444
603123.XSHG,-0.0073689549064528
300038.XSHE,-0.003006412797939449
600333.XSHG,-0.013589859222228804
600232.XSHG,-0.01536201809095051
600285.XSHG,0.009593500835150745
000599.XSHE,-0.008743211363428066
603058.XSHG,-0.01482159620126803
300821.XSHE,-0.005925151684833209
600900.XSHG,0.014537513292475431
000048.XSHE,0.11635305766665197
688676.XSHG,-0.005925614732458329
603115.XSHG,-0.013196563794367861
002652.XSHE,-0.00939284065913373
002317.XSHE,0.01955238940879476
000739.XSHE,0.1113521473643504
603860.XSHG,0.008826649995617612
002868.XSHE,-0.015785810097939532
600303.XSHG,-0.012099953685342123
002156.XSHE,0.013743522915554003
300888.XSHE,0.04164974723891204
002508.XSHE,0.09380835440931685
000657.XSHE,0.007722284890012964
600077.XSHG,0.004904933025127921
000610.XSHE,-0.01238690516998408
000421.XSHE,-0.0061356497478168345
601187.XSHG,-0.0022701333958146906
002543.XSHE,-0.006148618571988691
603200.XSHG,-0.011049371292149435
002066.XSHE,0.001519784540216243
002152.XSHE,0.0993710371054738
000829.XSHE,0.09984247421995612
002513.XSHE,-0.01395605947056557
600671.XSHG,-0.013992578516128585
000544.XSHE,-0.007220281429874786
300912.XSHE,-0.006481166042288931
601985.XSHG,0.004848589479779629
600422.XSHG,0.017872479993976537
002682.XSHE,-0.016986720720875738
600500.XSHG,0.0029391552022845924
300037.XSHE,0.13468126691960844
300633.XSHE,0.0035803390028333743
603703.XSHG,0.0019648967480199626
300763.XSHE,0.19609321923485395
000422.XSHE,-0.0004493620087610128
002500.XSHE,-0.002408484616398688
300653.XSHE,0.0760468009595645
603069.XSHG,-0.006951249181054331
600733.XSHG,0.13548342540431915
600970.XSHG,0.06186133467181263
000055.XSHE,0.01291448590839204
003039.XSHE,0.027014884623169078
300985.XSHE,0.017916478707829094
600370.XSHG,-0.004556962166132976
600850.XSHG,0.018058638829783043
300832.XSHE,0.08113181426921942
600780.XSHG,0.0006366032394189824
000899.XSHE,-0.006753547208422742
002411.XSHE,0.00023873043757400084
603016.XSHG,0.0033539831206325435
300654.XSHE,-0.015613290341451511
601016.XSHG,-0.0006738056423311566
002810.XSHE,0.058838650228695354
600743.XSHG,0.0025139924434325733
002196.XSHE,-0.011815755958700262
300207.XSHE,0.09356883993413197
601686.XSHG,-0.004935018613911968
601882.XSHG,0.0015057335704379005
601500.XSHG,-0.011741672038487172
300022.XSHE,-0.015764916193619735
603439.XSHG,-0.0070881055485375564
688569.XSHG,-0.01311714587811425
600363.XSHG,0.009297490107968669
000993.XSHE,-0.005356174319309124
603937.XSHG,-0.0117969258410963
002831.XSHE,0.010494387954029422
603336.XSHG,0.008754552747704637
688157.XSHG,0.049647611709671684
000996.XSHE,-0.006742091597469659
300395.XSHE,0.12085821340250981
000878.XSHE,0.009783605196286346
300618.XSHE,0.13428514772966596
300686.XSHE,-0.0020737068144884192
603607.XSHG,-0.0122494332857803
603696.XSHG,0.0007843381598138452
300487.XSHE,0.08510165399792001
600234.XSHG,-0.0015153334810195096
603818.XSHG,-0.002669293242464876
688388.XSHG,0.020479372140581063
002076.XSHE,-0.017983249348084884
600962.XSHG,-0.011454084192919201
600159.XSHG,-0.0148135064808323
300437.XSHE,-0.0050718081644597224
000876.XSHE,0.06926962532776304
000708.XSHE,0.0569484758730797
603189.XSHG,-0.009785876976663664
300932.XSHE,-0.0062852872819247445
688560.XSHG,-0.01156846792015942
002429.XSHE,0.009430141673628515
601606.XSHG,-0.006108614130023376
000833.XSHE,-0.013611724066461165
300826.XSHE,-0.007066952885415909
300745.XSHE,-0.012944460756987141
000632.XSHE,-0.00987838776613953
688408.XSHG,0.08975835858550607
601678.XSHG,0.00242167599682884
300412.XSHE,0.04582554763747394
002984.XSHE,0.022253979539371645
300429.XSHE,0.02047631002929253
300806.XSHE,0.010318280900126561
603345.XSHG,0.17263998269764394
688077.XSHG,-0.001933657786707026
002445.XSHE,-0.00763408376256704
300612.XSHE,-0.0018468085758997742
300316.XSHE,0.2427253393114859
600809.XSHG,0.7979375132924756
300269.XSHE,-0.0026391911555832676
688395.XSHG,-0.011910613149280389
002937.XSHE,-0.001719222560373766
300079.XSHE,0.003849518515021055
002612.XSHE,0.10652224270520258
600095.XSHG,-0.003854032197426759
601169.XSHG,0.006842850238108537
603187.XSHG,0.04481806756546796
603055.XSHG,-0.011348283475309669
600662.XSHG,0.15597759996190103
600085.XSHG,0.18961645607299313
003011.XSHE,-0.005161674549210344
300066.XSHE,0.0027147288529520627
300885.XSHE,0.0018036387560122248
688329.XSHG,0.013083781428285413
300556.XSHE,-0.013895209239170174
002542.XSHE,0.007412042987767823
601233.XSHG,0.02486070322687419
000503.XSHE,0.014438219999410494
002342.XSHE,-0.0133097111993573
000929.XSHE,0.0039015641541236823
002603.XSHE,0.028027554004618718
002151.XSHE,0.04676875547182843
300323.XSHE,0.022380895589491506
300116.XSHE,-0.004902216317599918
600857.XSHG,-0.00787679850478417
002936.XSHE,-0.0029118335337120407
300460.XSHE,-0.0021422061873670305
603223.XSHG,0.008346054718069863
002057.XSHE,-0.010447914287352403
600870.XSHG,-0.010752304469294427
300673.XSHE,0.009034919600703364
601038.XSHG,-0.002447304638922655
601218.XSHG,-0.012950172210281542
000550.XSHE,0.011847391523524896
601969.XSHG,-0.0025482010933771506
000806.XSHE,-0.0028802669279824403
002338.XSHE,0.012991758121502401
002375.XSHE,0.0011001853705172576
300340.XSHE,-0.007668078550559435
603595.XSHG,0.009401495309004517
002763.XSHE,0.029344581174679633
002450.XSHE,-0.020807466233760456
000659.XSHE,0.04363039395376415
300163.XSHE,-0.011625364128977137
300236.XSHE,0.017806409114394205
000978.XSHE,-0.006195648834925177
600180.XSHG,-0.008647095671665002
300955.XSHE,0.04874774032318062
000698.XSHE,-0.006509125841124893
603778.XSHG,0.006269988637827812
600388.XSHG,0.00047708573581828687
603931.XSHG,0.012699391417849374
002023.XSHE,0.06107526503853255
600841.XSHG,-0.005838257453599084
300873.XSHE,0.003005475877915196
002265.XSHE,-0.016866847548012674
000678.XSHE,-0.0074409402861090775
600249.XSHG,-0.009510506538939124
603676.XSHG,-0.01114309830531497
603919.XSHG,0.06503895771276232
300554.XSHE,0.0353662707914034
603076.XSHG,0.018340871773316447
300472.XSHE,0.00700947954716679
600410.XSHG,0.005078198619394129
002502.XSHE,-0.005047873634326398
300319.XSHE,0.011473524146409161
688819.XSHG,0.010762218261617848
002349.XSHE,-0.0004385360521158132
002965.XSHE,-0.007599338168621553
600373.XSHG,0.007989944772104438
601928.XSHG,-0.002364149388058883
002343.XSHE,-0.01082933133683902
000010.XSHE,-0.0012011654585492894
002191.XSHE,0.02680608552634482
688278.XSHG,0.000256381486335033
002735.XSHE,0.04429895644834141
603871.XSHG,0.005508259794403388
601992.XSHG,-0.0022424308239962962
002999.XSHE,-0.014090888657592955
603939.XSHG,0.12492588733910705
300662.XSHE,0.02379592302554543
600543.XSHG,-0.013188376167498225
600723.XSHG,-0.008613216228815614
603809.XSHG,-0.004923496413975256
300400.XSHE,0.02682744522122347
002163.XSHE,0.04613225536586461
300179.XSHE,-0.0001802906386988469
600376.XSHG,-0.0024186821916739798
002473.XSHE,-0.021212335826156208
600258.XSHG,0.02054527739667816
600195.XSHG,0.01593823558570056
002458.XSHE,-0.0010732800833827619
300158.XSHE,7.522224334703502e-05
603330.XSHG,0.04852191862075383
603598.XSHG,0.006119752849943861
600573.XSHG,-0.010334810805616424
000936.XSHE,0.0029797447958232904
000953.XSHE,-0.013073937587855989
002268.XSHE,0.018330053423405008
300712.XSHE,0.05178175485820494
688566.XSHG,-0.01061016314206921
600539.XSHG,-0.013409798756123595
600119.XSHG,0.01195678470378185
002331.XSHE,0.035876995519200004
600371.XSHG,-0.0067713007898647145
300013.XSHE,-0.0029659977906395813
300884.XSHE,-0.0011553481277821256
002839.XSHE,-0.007998357510709781
300743.XSHE,-0.010160162060342903
688126.XSHG,0.009675452933632984
603050.XSHG,-0.014214989825303372
000545.XSHE,-0.00648680191295181
603530.XSHG,-0.008103530364641877
300583.XSHE,-0.007364949705416946
002091.XSHE,0.00348455913210061
300258.XSHE,0.002018087457370225
600110.XSHG,0.03725634725018659
000636.XSHE,0.14208604250746595
300738.XSHE,0.041884635842799875
688616.XSHG,-0.0161462944946867
600375.XSHG,-0.0021855112868857107
600829.XSHG,-0.001043397778931511
002549.XSHE,0.013492838621348709
601021.XSHG,0.02889157194355221
688060.XSHG,-0.0038555264188592057
603927.XSHG,-0.0016164397101645711
688098.XSHG,-0.010956626955478055
000564.XSHE,-0.004124045797615971
002124.XSHE,0.012565491824251502
002699.XSHE,0.006135670872161467
603690.XSHG,0.002039936197620145
600971.XSHG,0.006618643640311929
601137.XSHG,-0.006769866222845994
688208.XSHG,0.04622901658796605
300298.XSHE,0.0548194697178631
688556.XSHG,-0.011580589967445043
600818.XSHG,0.03166727374222323
300219.XSHE,0.008314375251284775
300312.XSHE,-0.004239712119178951
600488.XSHG,-0.005822666289658259
000404.XSHE,-0.014367610038359985
600623.XSHG,0.12048308113822812
002536.XSHE,-0.0003337896395488992
600297.XSHG,0.004492253759515788
000011.XSHE,0.0015724282360373883
300446.XSHE,-0.0051298822000766554
300601.XSHE,0.33833751329247524
688093.XSHG,-0.0014118507135749605
300221.XSHE,-0.00892405063052193
600318.XSHG,0.002694196415879549
002950.XSHE,0.005235446059767616
003008.XSHE,-0.006589021118355664
002845.XSHE,-0.0032968107856938024
688097.XSHG,0.02158695029478558
600362.XSHG,0.021035503085223537
000679.XSHE,-0.004274124293099906
603768.XSHG,-0.012271298968339919
300900.XSHE,0.006080285537345291
600490.XSHG,0.01558922657783272
688160.XSHG,-0.009501463255511312
300926.XSHE,0.007675913052958594
600563.XSHG,0.12409486444578495
002656.XSHE,-0.022146181322597658
600335.XSHG,0.0006356131010611787
300541.XSHE,0.01066193104227528
002852.XSHE,0.0010404665276859022
002116.XSHE,-0.012675856595291995
000883.XSHE,0.0037154393883024554
603313.XSHG,0.006905038683165969
002457.XSHE,-0.0020550886446289458
300825.XSHE,0.026681472647532962
000338.XSHE,0.1223375132924756
000680.XSHE,-0.005200412189801774
300279.XSHE,-0.0004637856124886479
000595.XSHE,-0.01229338741381674
002084.XSHE,-0.010047996638390618
002324.XSHE,0.032117047123751734
603716.XSHG,-0.003269455978146197
605369.XSHG,0.07097924040171516
688323.XSHG,0.009997167327352266
601929.XSHG,-0.011241788594779555
300853.XSHE,-0.0010243296018608104
002636.XSHE,0.016812718966334926
300283.XSHE,-0.010646544031888753
688026.XSHG,0.010587706192490819
002469.XSHE,0.00028918684621555626
601799.XSHG,0.2288175082358764
600585.XSHG,0.05033751329247542
002805.XSHE,0.010568091923299858
002320.XSHE,0.018350895569785773
600696.XSHG,0.02221026887358754
300112.XSHE,-0.009611548321260209
002778.XSHE,-0.010311632204082648
603823.XSHG,0.0027311135349499197
003007.XSHE,0.0003377918504965591
600898.XSHG,-0.01744487091860526
000019.XSHE,-0.003531009190345505
002607.XSHE,0.12873751329247515
000877.XSHE,0.021902463361113213
300552.XSHE,0.022360092274612185
603701.XSHG,-0.006092609626919949
688069.XSHG,0.003090581681617098
300445.XSHE,0.007569695756853408
002538.XSHE,-0.005863407141142921
000089.XSHE,0.001723956357536231
002487.XSHE,-0.009065532921489705
603109.XSHG,-0.013018051181346376
000868.XSHE,-0.004177562961526481
300963.XSHE,0.00258014847877535
600405.XSHG,0.017277252197630814
600016.XSHG,0.01933751329247547
002962.XSHE,-0.010828919353696127
002921.XSHE,-0.004819910047570616
603363.XSHG,-0.00697914123194459
300534.XSHE,-0.0019781314914251134
300632.XSHE,0.009669950789524104
600011.XSHG,0.005027522748957097
002875.XSHE,0.005032251081545248
300405.XSHE,-0.01106633838278721
000035.XSHE,-0.003427041951589327
603059.XSHG,-0.01123958038031298
688580.XSHG,0.04460701534772624
300266.XSHE,-0.00404289925311411
000729.XSHE,0.010160615525237752
600650.XSHG,-0.005826538975289475
300165.XSHE,-0.0059005104168705445
600773.XSHG,0.0368094508373813
600892.XSHG,-0.008896864685792684
603578.XSHG,-0.012793737113588216
002454.XSHE,-0.011979983299502131
000782.XSHE,-0.013110438242406694
000722.XSHE,-0.001066228098502103
300570.XSHE,-0.009566797032117186
603683.XSHG,-0.014177178363043809
600526.XSHG,0.006130830599926595
603920.XSHG,-0.008772640193383183
000987.XSHE,0.011632672699605788
601699.XSHG,0.031198987941556258
003020.XSHE,0.007994682449869677
300674.XSHE,-0.0016853387192291517
002708.XSHE,-0.01372925867290572
300152.XSHE,-0.009080736133638849
002340.XSHE,0.1719929534487991
601778.XSHG,-0.006089242256805655
603759.XSHG,0.000854991680896958
300843.XSHE,-0.010847607672507073
000985.XSHE,-0.0147215847235327
002377.XSHE,-0.009893958717543349
300386.XSHE,0.015720417899362262
002817.XSHE,-0.0030761667392109164
002718.XSHE,-0.010686028493455926
600350.XSHG,0.0008626183015202444
001205.XSHE,-0.015455724198121985
002534.XSHE,0.004045750069619585
600416.XSHG,0.013660425032074017
002028.XSHE,0.24161406586261147
300224.XSHE,0.0071537825675418165
601003.XSHG,0.0045180061513181305
601155.XSHG,0.02232730100013174
600199.XSHG,0.016214514969706807
000656.XSHE,0.004028183110339908
601975.XSHG,-0.008388805610643223
603268.XSHG,-0.014362119640433949
603739.XSHG,-0.005117193703263422
600570.XSHG,0.8600900433360787
605288.XSHG,0.028925653988969027
688017.XSHG,0.11342215558304712
688181.XSHG,-0.0062193437429131975
002853.XSHE,0.0056935269159785265
002123.XSHE,0.018749063508740678
600007.XSHG,0.02665816586710114
688685.XSHG,0.011447120728799696
002760.XSHE,-0.014925291609914123
002406.XSHE,-0.005727148737695203
300515.XSHE,-0.013938205467707982
000967.XSHE,0.0017461787671202624
603105.XSHG,-0.013637206304807949
300094.XSHE,-0.011845859639154726
600644.XSHG,-0.008438117362354903
300092.XSHE,-0.014274879352477864
002287.XSHE,0.007161826170377133
600822.XSHG,-0.009452817391545378
300591.XSHE,-0.006253554670286423
002110.XSHE,-0.0020176486786495002
002668.XSHE,-0.007849089454299595
300886.XSHE,0.004669561099289274
300783.XSHE,0.027957112865890876
603997.XSHG,-0.0036736795746984347
002566.XSHE,-0.00441035855122052
300690.XSHE,0.0034549578484649093
002101.XSHE,-0.0016768930270147052
000791.XSHE,-0.005280354567830356
002022.XSHE,0.09728454678514353
300657.XSHE,-0.0044847614023415475
300228.XSHE,0.005682261767294859
600268.XSHG,0.0010773975254974241
688330.XSHG,-0.0003027344764733042
600879.XSHG,0.0749082302462909
000666.XSHE,-0.008436122710498751
300210.XSHE,-0.011035095707034759
600686.XSHG,0.022596947658897852
000150.XSHE,0.008963081256462434
601798.XSHG,-0.01556266977932028
000898.XSHE,0.0032540020080442586
600292.XSHG,0.04198007570086611
603633.XSHG,-0.01027676273685138
600436.XSHG,0.5616375132924791
002356.XSHE,-0.0109505380758241
300064.XSHE,-0.005461728708155398
600403.XSHG,-0.004208134688675306
600735.XSHG,0.012480583013672449
300736.XSHE,-0.01272369480361345
002803.XSHE,0.04192446523302129
603977.XSHG,-0.007551201355905175
000616.XSHE,0.012990184850153422
002020.XSHE,0.00536854615304155
688366.XSHG,0.20877071475946823
603501.XSHG,0.11663751329247508
300801.XSHE,-0.010397086289747741
600633.XSHG,0.002923020461205154
600257.XSHG,0.014634944263722839
002259.XSHE,-0.012701769321769894
000049.XSHE,0.10278552755703149
605108.XSHG,-0.00047960231317470056
605158.XSHG,-0.011770019561162966
000932.XSHE,0.006245377993858422
002475.XSHE,0.7479375132924756
003035.XSHE,0.0015712162348782538
600389.XSHG,0.08757303308245548
000637.XSHE,-0.0066864974093718225
603021.XSHG,-0.01673958445797335
300469.XSHE,-0.0027976681498008277
601877.XSHG,0.022024500514155894
603056.XSHG,-0.00657188033199358
605166.XSHG,-0.014243699363813287
600903.XSHG,-0.0062689363705702335
688399.XSHG,0.05959454501847742
002651.XSHE,0.0012257272323833932
002959.XSHE,0.030482645444368604
300330.XSHE,-0.014202041327644573
002529.XSHE,-0.016020558931218083
603681.XSHG,-0.0073898192317654356
000023.XSHE,0.026685783480216604
000063.XSHE,0.09963751329247518
601595.XSHG,-0.006988427749672888
002812.XSHE,0.3842533336671057
600812.XSHG,0.022745558624152687
300503.XSHE,0.019026902223565987
600777.XSHG,0.006400447399546493
300326.XSHE,0.1142558320409056
000759.XSHE,-0.011591833920394125
600071.XSHG,0.0027680008992485017
300710.XSHE,-0.0071968931676263444
002929.XSHE,-0.008771795641738182
601001.XSHG,-0.003482691281829789
600826.XSHG,-0.0049392922395615785
600468.XSHG,-0.00178972496838113
601005.XSHG,-0.0028512322909319612
605111.XSHG,0.04842121101370306
600146.XSHG,-0.021967300794556954
300393.XSHE,0.011302445373817362
600801.XSHG,0.05239380572115418
688101.XSHG,-0.009433555512872279
002633.XSHE,-0.016145748174614512
002666.XSHE,-0.009528066098143741
603713.XSHG,0.029776065728712935
002258.XSHE,0.024015518324243
300893.XSHE,0.005626254323116019
002451.XSHE,-0.012282648838173298
002465.XSHE,0.005638805243666808
300977.XSHE,-0.004615140876590412
605208.XSHG,-0.0039094463656057545
002707.XSHE,0.012005780816106013
300244.XSHE,0.16417150292692687
600418.XSHG,0.022244011174785402
600281.XSHG,-0.015244297907329823
600883.XSHG,-0.009610989074750024
603878.XSHG,-0.012518371416086693
002815.XSHE,-0.003635170824161189
601236.XSHG,0.0033041815566122092
601368.XSHG,-0.013101472073394635
300397.XSHE,0.012473533833514062
300976.XSHE,0.06018970784070544
000715.XSHE,-0.01148866358389836
000635.XSHE,-0.001897336261560651
002971.XSHE,-0.007117496416212985
688179.XSHG,0.045552856937796656
000008.XSHE,-0.001159375797490616
000735.XSHE,-0.004658328954311662
300749.XSHE,-0.012580633890698429
002131.XSHE,0.015309474144381082
600505.XSHG,-0.012292406093342279
002169.XSHE,0.04056545489735666
002816.XSHE,-0.006047534749727593
600039.XSHG,0.024816135548512377
002911.XSHE,-0.005775442614859755
603608.XSHG,-0.009344128030419636
688219.XSHG,-0.0068636005530049215
300532.XSHE,-0.013118592212608856
300752.XSHE,-0.0025254237216022386
300046.XSHE,0.03967100014768475
603667.XSHG,-0.010713107827843852
002917.XSHE,-0.015434870284265507
600497.XSHG,0.028305867565439263
002119.XSHE,-0.001980980465112794
300245.XSHE,0.0012778818519388266
002054.XSHE,-0.0008661157338459222
300232.XSHE,0.0065085843965446595
002224.XSHE,-0.01225742593810946
601163.XSHG,-0.005817167012060164
600230.XSHG,-0.00639077221527652
603393.XSHG,0.0021863866808745497
000926.XSHE,-0.01286550458452626
002016.XSHE,-0.0047785832583724375
002280.XSHE,-0.0022075528595165775
600744.XSHG,0.005324887306985444
002182.XSHE,0.01037916409473235
688636.XSHG,0.05807151787194733
002112.XSHE,-0.01341898736741801
000839.XSHE,0.004513852755904749
002527.XSHE,-0.009957132912264736
002202.XSHE,0.022662775138016556
603926.XSHG,-0.011048066932212396
603458.XSHG,-0.012124930805229445
601333.XSHG,-0.006297873846831119
601298.XSHG,1.976641765152041e-05
601811.XSHG,-0.0056928807017844005
300540.XSHE,-0.007024152614616147
600050.XSHG,0.006337513292475429
600125.XSHG,0.0033396730405231313
300406.XSHE,0.012225514591181952
600726.XSHG,-0.010409425459611698
603966.XSHG,-0.015973701494784335
300270.XSHE,-0.0037973549423134245
600115.XSHG,0.006088822408082636
002198.XSHE,0.006653395247418405
300516.XSHE,0.005926887651367806
600331.XSHG,0.0020518378521000424
600716.XSHG,0.009038721299055816
002438.XSHE,-0.0032576524580520804
603283.XSHG,-0.009464411334006464
300178.XSHE,-0.006446113284911431
600781.XSHG,-0.016804274960376304
688633.XSHG,-0.007394470977231601
300356.XSHE,-0.008409587936446838
000060.XSHE,0.04318672588610835
002619.XSHE,-0.01486869713084846
300929.XSHE,-0.005338587406338576
300120.XSHE,0.0001967373878079045
002165.XSHE,-0.008076261406311751
002246.XSHE,-0.012957439123393618
002582.XSHE,0.0021762103013338377
300375.XSHE,-0.009417977823956088
000786.XSHE,0.1677822606179342
600527.XSHG,-0.0013936466072294214
002705.XSHE,0.021209918397277473
600233.XSHG,0.012844599772350881
603536.XSHG,-0.01418673558281442
603301.XSHG,0.00486778562908931
002044.XSHE,0.03155240294560801
603380.XSHG,-0.008571608677648071
601696.XSHG,0.003749322215355238
300054.XSHE,0.05226286598630307
300142.XSHE,0.5859604837341844
600808.XSHG,0.000497479209714382
603983.XSHG,0.019732657113315736
300568.XSHE,0.0248349893459383
003040.XSHE,0.023271592822910473
601518.XSHG,-0.015163209796490922
002556.XSHE,0.008668766804693558
300137.XSHE,-0.0043148195137823996
603738.XSHG,0.008426269619665517
688599.XSHG,0.008066173702003797
002062.XSHE,-0.005133096977518212
688377.XSHG,-0.01473616874501747
000555.XSHE,0.001282395213709613
300521.XSHE,-0.0068725413346460585
300399.XSHE,-0.009594918034850252
600275.XSHG,-0.016163650551208004
300075.XSHE,0.052849819810162305
300143.XSHE,0.042261843143581126
300453.XSHE,0.03130965182508285
600824.XSHG,0.02451757112002162
002185.XSHE,0.03319286253872391
002665.XSHE,-0.0057193058637151515
002745.XSHE,0.0029636998985400733
000403.XSHE,0.10342191981061091
600155.XSHG,0.036206102789289395
300553.XSHE,-0.013357733308200368
300208.XSHE,0.111416628113356
002963.XSHE,-0.01577932068198374
601567.XSHG,0.0362118975768196
002102.XSHE,-0.0025735171596519
002758.XSHE,-0.005663763982143249
300087.XSHE,0.06699558862232315
600742.XSHG,0.03162935653884398
600853.XSHG,-0.015562697681672906
600875.XSHG,0.006080314919294891
002229.XSHE,0.002909745364115802
002339.XSHE,0.00015741759742285075
603008.XSHG,0.03190329920885078
000156.XSHE,-0.005172429197941878
000983.XSHE,0.025232221305480546
601828.XSHG,0.0009901191612857402
605169.XSHG,-0.006225156083128415
603288.XSHG,0.33583751329247524
000777.XSHE,-0.002818046958815882
002996.XSHE,-0.0010573815802452126
603800.XSHG,-0.017306851845107683
603444.XSHG,0.16837845663255152
600206.XSHG,0.0028770387489964223
688266.XSHG,0.02726788775805386
300968.XSHE,-0.003785688708741201
600783.XSHG,0.005234274939586418
603629.XSHG,-0.008152810974667881
300947.XSHE,0.022655918262945312
600498.XSHG,0.0038167489230734094
002302.XSHE,-0.0030025023161916508
600861.XSHG,0.0035296018535154305
605100.XSHG,-0.010346879677154485
002230.XSHE,0.24086284306172728
300065.XSHE,0.0031524753719881574
603126.XSHG,-0.005061469452954106
002267.XSHE,-0.007373561052010998
688256.XSHG,0.03626507302051474
003031.XSHE,-0.0021200854721367037
600787.XSHG,0.025224255396542022
002328.XSHE,-0.012716389690668501
002654.XSHE,-0.007293525569560172
300197.XSHE,0.0087708169715145
600502.XSHG,-0.0034978926724542406
688100.XSHG,-0.0007058513783753332
300731.XSHE,0.005132759149597255
000785.XSHE,0.021702675629492515
002547.XSHE,-0.006292102252324952
000818.XSHE,0.00426276050402974
000965.XSHE,-0.01470600081479655
002346.XSHE,-0.0020541491052482926
300726.XSHE,0.040773033403090284
002041.XSHE,0.07039048158083631
601995.XSHG,0.044637513292475416
688258.XSHG,-0.0058202002377986135
002583.XSHE,-0.004109689424141664
605305.XSHG,0.0020142805532896175
002255.XSHE,0.004290323730248227
003036.XSHE,-0.010261438197292487
601015.XSHG,8.243378636464509e-05
000962.XSHE,-0.002756590494088315
000789.XSHE,0.015426156882187318
300897.XSHE,-0.0037069400644366216
000681.XSHE,0.012006162092174037
688568.XSHG,0.005107245541612923
600734.XSHG,-0.01807054099026373
002063.XSHE,0.020016444792315447
003012.XSHE,0.004488371531649878
002205.XSHE,-0.015922024753898437
600823.XSHG,0.05724317951868411
002694.XSHE,-0.014913540861851069
002564.XSHE,-0.01159784291180432
600063.XSHG,0.008984261190268359
002628.XSHE,-0.014324136334869154
600054.XSHG,-0.0004782843333426597
600259.XSHG,0.0059826906096657455
002240.XSHE,0.012582888130082334
002518.XSHE,0.004413160383614669
600091.XSHG,-0.018177000102861076
600066.XSHG,0.20409527347933484
603067.XSHG,-0.011229221776905187
603898.XSHG,0.017246809632577603
002482.XSHE,-0.007897672051696631
300176.XSHE,-0.006465750219832559
603630.XSHG,0.015713011267828286
601818.XSHG,0.006337513292475429
688683.XSHG,-0.013602145392109754
000930.XSHE,0.015579814975669213
002757.XSHE,-0.0025966717916231213
002381.XSHE,-0.006234366842460551
300201.XSHE,-0.0005919698508963338
601011.XSHG,-0.007233330090103045
600246.XSHG,0.034288205297789205
300454.XSHE,0.23885948361898124
002498.XSHE,-0.005018634366524814
603318.XSHG,-0.0139887208064119
688028.XSHG,-0.0068206130592687805
688518.XSHG,-0.011739244269542173
300021.XSHE,0.020226269619665515
601698.XSHG,0.006477434659051184
605060.XSHG,-0.012681121715319035
601399.XSHG,-0.0018686301285470522
600320.XSHG,-0.0008765446832628742
600896.XSHG,-0.0073433476976467625
002659.XSHE,-0.014838808896317762
601908.XSHG,0.007267549856652549
300808.XSHE,-0.01533387395698213
688165.XSHG,-0.011068139530098471
600760.XSHG,0.13019070426067192
600273.XSHG,-0.0055236032522684355
300871.XSHE,0.017670944601825705
300543.XSHE,0.006502931376913216
002038.XSHE,0.1798286754163374
600876.XSHG,-0.0010559452225960414
000687.XSHE,-0.018879033151607712
300334.XSHE,-0.014436652553766399
300827.XSHE,0.0042499841916038734
300772.XSHE,-0.009764827363915384
603650.XSHG,0.0022674339938172014
002775.XSHE,-0.007089243591532332
603661.XSHG,0.09574330544144655
001965.XSHE,0.002394318125712727
688510.XSHG,-0.0026181663198304346
002970.XSHE,0.007493576303806225
688369.XSHG,-0.003412008098657906
000002.XSHE,0.8352375132924758
002319.XSHE,-0.00026123691985038833
603686.XSHG,-0.0005941264522939475
002025.XSHE,0.1394709470337256
000609.XSHE,-0.01611465475951871
603991.XSHG,0.009289215183178967
688007.XSHG,0.005848073774099398
600579.XSHG,-0.013462824473656923
600506.XSHG,-0.017969637104839887
000650.XSHE,0.09317198612530056
600291.XSHG,-0.013648958760419834
600871.XSHG,-0.00014103569885419356
000725.XSHE,0.014337513292475436
002219.XSHE,0.014368021401526187
600379.XSHG,-0.007172252386461761
300223.XSHE,0.0922013179489377
603355.XSHG,0.05665563709725949
688661.XSHG,0.07257270680365986
300025.XSHE,-0.005960408792822664
300792.XSHE,0.05221616243677329
300883.XSHE,-0.009754643698275594
300436.XSHE,-0.004138844778226446
600248.XSHG,-0.0012974763219104606
603708.XSHG,0.0017941646116311598
002270.XSHE,-0.013117529234553189
600741.XSHG,0.4125856088417906
603217.XSHG,0.0018843176884305226
600228.XSHG,-0.002030257774017094
300799.XSHE,0.03965599529427942
002686.XSHE,-0.0061214369946602735
000601.XSHE,-0.0022064953769294956
300188.XSHE,0.04545470513371833
601619.XSHG,-0.010057657777756164
601330.XSHG,0.0017460414188097302
605198.XSHG,0.004781626244696149
000703.XSHE,0.037790004571388355
603516.XSHG,-0.003379158929499887
300019.XSHE,0.008726632649591459
603982.XSHG,-0.01154764639003241
002681.XSHE,0.008600917008919398
600215.XSHG,-0.01012247105627147
000158.XSHE,0.02654859459282481
300664.XSHE,-0.011487164073656205
000565.XSHE,-0.0035321682842046603
603010.XSHG,0.028244465487608846
300668.XSHE,-0.00989132099814317
603967.XSHG,-0.012637895872375775
002363.XSHE,-0.013703456489559158
600540.XSHG,-0.011288362837343802
600860.XSHG,-0.0141713519992172
600864.XSHG,0.00605085951211248
300742.XSHE,-0.0025090274169986097
603999.XSHG,-0.00662455236477805
603799.XSHG,0.13975273821805165
601939.XSHG,0.008037513292475429
300157.XSHE,0.003702208991005162
300051.XSHE,0.008455485632654525
001203.XSHE,-0.0026224870984652483
300256.XSHE,-0.007215670802939779
603660.XSHG,-0.011443092695870394
600260.XSHG,-0.001345695775405567
300922.XSHE,0.0018834851940020027
600338.XSHG,0.008083405709474736
300082.XSHE,0.03982409939837301
600643.XSHG,0.004122228650696915
002273.XSHE,0.10793938117364035
300875.XSHE,0.004590453068108331
002004.XSHE,0.08309903307595906
000995.XSHE,0.002051536122347996
300043.XSHE,0.012883358112277381
000585.XSHE,-0.020123417622904996
300053.XSHE,-0.001404522355418776
300125.XSHE,0.005697567077514166
603177.XSHG,-0.010867545095136552
601339.XSHG,-0.004121808666704967
600863.XSHG,1.6683112718310356e-06
300859.XSHE,0.015587032584035144
600817.XSHG,0.04158820260704276
300230.XSHE,-0.00727725099608276
600637.XSHG,0.00225546331845351
600272.XSHG,-0.01762850783605836
002609.XSHE,0.07526943335500204
600926.XSHG,0.01456191517584608
600730.XSHG,-0.008826088740126433
605058.XSHG,-0.011532791345870451
003037.XSHE,-0.0060754191938839205
002737.XSHE,0.012763688503886306
000955.XSHE,-0.013709645562676872
600711.XSHG,0.04683368640380959
688159.XSHG,-0.01464515312927726
300109.XSHE,0.01603301024947789
300081.XSHE,0.06849975302996703
600385.XSHG,-0.01738913001572682
300102.XSHE,0.04338988231296847
600207.XSHG,-0.009812724585380845
600284.XSHG,-0.003473642274981455
002517.XSHE,-0.0010991515773535708
002611.XSHE,0.006064360663639402
300078.XSHE,0.025581512607101946
002197.XSHE,-0.0039979112083367505
002596.XSHE,-0.0059315502216079905
600397.XSHG,-0.012462630772054454
600084.XSHG,-0.0052972143546698835
300822.XSHE,0.007391628090185216
300474.XSHE,0.0496762938113343
300830.XSHE,-0.013041091337396185
601177.XSHG,-0.014728403450958313
000779.XSHE,-0.011744163508611875
002742.XSHE,-0.008344188492266284
300539.XSHE,-0.013187121195388923
002032.XSHE,0.1711426904520199
300172.XSHE,-0.0019347823237827154
688586.XSHG,-0.0030782133460638735
603233.XSHG,0.05126380919962771
002307.XSHE,-0.010692942032852617
603680.XSHG,-0.0038958532899117087
002600.XSHE,0.007691127431809614
300320.XSHE,-0.006387459355636458
002520.XSHE,0.013431968756897292
300760.XSHE,0.3473375132924756
300083.XSHE,0.025764355085089112
300095.XSHE,-0.004540927504541348
603327.XSHG,-0.010198278140158465
603508.XSHG,-0.007806544475016739
600383.XSHG,0.026397234878240392
000159.XSHE,-0.00021765758921578338
002181.XSHE,-0.006845081272776887
600738.XSHG,0.014401959194956971
300528.XSHE,-0.015596834527304503
688596.XSHG,-0.012830227501552983
300282.XSHE,-0.01210842384351856
600837.XSHG,0.06093751329247572
600162.XSHG,-0.005421404000555487
300739.XSHE,0.015926724511969987
300948.XSHE,-0.001171686806155623
300246.XSHE,0.022972363955376576
603214.XSHG,0.006365598227933922
603079.XSHG,-0.007306184425577657
603505.XSHG,-0.008836293135995677
300204.XSHE,0.007619183512612263
688308.XSHG,0.02712994791023727
688567.XSHG,0.0299695376261261
603081.XSHG,-0.011645345123330899
000738.XSHE,0.012943433278416717
605388.XSHG,0.007897034377336968
300347.XSHE,0.8620487964138314
000566.XSHE,0.013470456197724044
002064.XSHE,0.07911747064641869
600455.XSHG,-0.01485223336803973
600774.XSHG,0.04200178607871373
002096.XSHE,0.0010264753784844823
605255.XSHG,-0.014938231693406077
300359.XSHE,0.0005182885899421008
600099.XSHG,-0.015768794778436113
002207.XSHE,-0.014547821617540957
000415.XSHE,0.008545357750427071
002326.XSHE,0.03060706346261602
603159.XSHG,-0.0010177257717722647
002863.XSHE,-0.015542544957989887
600601.XSHG,0.8442752508863217
601010.XSHG,-0.009212573792939965
300349.XSHE,-0.0033188370926695455
000726.XSHE,-0.00237354830133759
002592.XSHE,-0.009305623098696493
002981.XSHE,-0.010212751970041043
300676.XSHE,0.04618482191637535
601019.XSHG,-0.006215428376072221
688456.XSHG,-0.013494593722449625
300983.XSHE,-0.0022495214742150778
688687.XSHG,0.02510062369333418
600561.XSHG,-0.015806181796619957
603903.XSHG,-0.012739306294067367
300677.XSHE,0.21827335450705238
000530.XSHE,-0.007407049883216771
002806.XSHE,-0.0068592783565618095
300695.XSHE,-0.01234324432663853
600238.XSHG,0.029515943172035243
600135.XSHG,-0.008809750900080127
000509.XSHE,-0.004887794886926247
002417.XSHE,-0.01595527873407622
603619.XSHG,-0.011533170624649066
600663.XSHG,0.03990535027578767
688981.XSHG,0.01913751329247544
600802.XSHG,-0.010138177389590768
300586.XSHE,-0.007044163508611815
603199.XSHG,-0.015207730343160666
600223.XSHG,0.02499742559935603
688378.XSHG,0.005705658215758289
002574.XSHE,-0.01557760477351461
600101.XSHG,-0.009902902562753035
300805.XSHE,-0.008417802741317794
300872.XSHE,0.056766519552066845
000573.XSHE,-0.01052207986514668
300041.XSHE,0.03864300330797804
600531.XSHG,0.008115669230659827
003010.XSHE,-0.007282589214653936
000701.XSHE,-0.014308128416668054
600487.XSHG,0.03915609045777962
600600.XSHG,0.06433751329247547
603688.XSHG,-0.004845937188181299
601600.XSHG,0.006502232825298798
300577.XSHE,0.011422228619802481
603386.XSHG,-0.0056164470580523165
002478.XSHE,-0.0117830759421011
603697.XSHG,-0.0018061893106709245
600697.XSHG,-0.0119069995430858
002046.XSHE,0.008576363463886268
002053.XSHE,-0.008061260454802176
603324.XSHG,0.007684596545793522
600499.XSHG,0.22073945623857982
600462.XSHG,-0.01636994470288275
603100.XSHG,-0.001897974733751891
002702.XSHE,-0.0019618648975038323
002541.XSHE,0.06836318778372205
300494.XSHE,-0.010652375280808625
002436.XSHE,0.015941149678376173
002646.XSHE,1.8160555914303878e-05
605336.XSHG,-0.004704156406794559
688118.XSHG,-0.013763433542605622
600489.XSHG,0.029061035518831047
002060.XSHE,-0.011863104024476885
600819.XSHG,-0.007579670061120428
002769.XSHE,-0.007291531238338891
603308.XSHG,-0.00039967953730780763
300694.XSHE,-0.016257780843609026
300838.XSHE,-0.015112416728491807
688533.XSHG,-0.009223423201455257
605007.XSHG,-0.0035360799153131405
002829.XSHE,-0.0031662805498983444
603321.XSHG,-0.01696659884913788
688368.XSHG,0.15076756304193661
002373.XSHE,0.017570256917571334
002486.XSHE,-0.015378893981772439
600958.XSHG,0.0038426678693711533
603808.XSHG,-0.007572755362761625
300551.XSHE,0.13333953051737887
300479.XSHE,0.0010576383630506968
688607.XSHG,0.02580125433083958
000807.XSHE,0.04950059038819594
603788.XSHG,-0.013290519324765446
600616.XSHG,0.8429738567443772
000733.XSHE,0.035888760642403636
603602.XSHG,-0.006313447147053444
603613.XSHG,0.06806671317058774
603826.XSHG,0.008953639381834796
600630.XSHG,-0.014750605099418493
603156.XSHG,0.06131107534897691
600103.XSHG,-0.008573043472618686
603867.XSHG,-0.011984311860635432
300456.XSHE,0.027254241682376865
688611.XSHG,-0.00723419601324723
600179.XSHG,-0.002155655260319859
600354.XSHG,-0.009597138627168062
603297.XSHG,0.04241655166150282
300073.XSHE,0.12576588206307304
300357.XSHE,0.25016267595864483
601168.XSHG,0.0036246776462708166
002858.XSHE,0.00730275658401542
002069.XSHE,-0.014215533081807064
600096.XSHG,0.0007563450249452658
000949.XSHE,-0.004754974717294269
002709.XSHE,0.4383541494471762
688086.XSHG,-0.011504357973977157
300462.XSHE,-0.008576161968093613
688078.XSHG,-0.012720689945732675
000788.XSHE,-0.004163418504902346
300257.XSHE,0.01829505210333212
600679.XSHG,0.0004656131207669313
603108.XSHG,0.007172079664333602
603116.XSHG,-0.012701937636001507
603883.XSHG,0.020742783411571715
605133.XSHG,-0.0076360347809103024
600836.XSHG,0.047427294283912375
002289.XSHE,0.0034996828810154867
002501.XSHE,-0.004865023435629357
603968.XSHG,-0.012888707331387198
605333.XSHG,-0.00674716917392556
688600.XSHG,-0.013748311843167382
600051.XSHG,-0.012745549526130131
600090.XSHG,-0.015317833220440813
300689.XSHE,-0.00351489640024631
600982.XSHG,-0.007795091523915682
002919.XSHE,0.019076165136036646
002396.XSHE,-0.0019101459931006298
688313.XSHG,-0.008126654548384363
000017.XSHE,-0.017974334274449395
002122.XSHE,-0.003054999845818916
300478.XSHE,-0.011754378781442476
002526.XSHE,-0.011641116724767052
300432.XSHE,0.00945107368509823
603963.XSHG,0.012070160595108969
600203.XSHG,-0.01019900110554751
002281.XSHE,0.0035460501227171743
300642.XSHE,0.02368990041424031
600636.XSHG,0.02467682116091285
000886.XSHE,-0.01256686070240255
300628.XSHE,0.33866442274995395
600779.XSHG,0.2590799291927453
600536.XSHG,0.08757557998446303
002511.XSHE,0.14207543567068848
600114.XSHG,-0.005903446078102932
003021.XSHE,0.08096490449962414
300906.XSHE,0.009524833955473346
300881.XSHE,-0.003737231981919345
600724.XSHG,0.008263491966667284
002008.XSHE,0.12391427558511431
002421.XSHE,0.000952021059164667
300119.XSHE,0.04475580133383074
002991.XSHE,0.012405679556363038
300820.XSHE,0.013954815615061086
002172.XSHE,0.0034206218366564928
605183.XSHG,-0.007264320134190615
002303.XSHE,-0.004447974459458531
300679.XSHE,0.01442229738184006
300086.XSHE,-0.007356896994957644
600290.XSHG,-0.01892723152334419
002725.XSHE,-0.015449024976581304
300644.XSHE,-0.009123959606470689
601216.XSHG,0.019994811590672235
002878.XSHE,0.0061853594707516595
000402.XSHE,0.08644850946795885
300917.XSHE,0.0028072008940081584
000793.XSHE,-0.0007846015022767664
600022.XSHG,-0.0011173434507181492
002615.XSHE,-0.009624792245769512
002630.XSHE,-0.00880198309103919
603590.XSHG,-0.005583612316222191
000933.XSHE,0.07161654680730385
300681.XSHE,-0.0017170211973954984
002576.XSHE,-0.016835698442187574
300667.XSHE,-0.004956325805206994
600308.XSHG,-0.00541865949504947
600789.XSHG,-0.005922606666138841
688528.XSHG,-0.016158644334853044
603895.XSHG,-0.007709527474600245
600428.XSHG,-0.0001263452427927112
601598.XSHG,0.0009653883392673806
300062.XSHE,-0.004108048466635653
600594.XSHG,0.027980192950615407
002631.XSHE,0.003986688379732265
601688.XSHG,0.009337513292475437
603900.XSHG,-0.005967373686442134
300180.XSHE,0.005094065577129476
600725.XSHG,-0.016959209190807803
603950.XSHG,-0.010763439121155887
605368.XSHG,-0.006379981447083052
002321.XSHE,-0.021190689926026945
002211.XSHE,-0.014549992966901295
300309.XSHE,0.0032822732450302136
000757.XSHE,-0.014791893688783747
300465.XSHE,0.020483565723515458
002310.XSHE,0.02802893223963864
600577.XSHG,0.059258849359719236
002049.XSHE,0.29830740972599623
600814.XSHG,0.01460494551695513
002372.XSHE,0.05472523437779902
002199.XSHE,-0.0130323730907203
000756.XSHE,-0.008099682372924404
002591.XSHE,-0.005978226593136708
603936.XSHG,-0.008519955730560174
300856.XSHE,0.0017099127260442465
002178.XSHE,-0.008476745763647408
600221.XSHG,-0.0023780698088277604
002150.XSHE,0.01644298867399119
002129.XSHE,0.03770235233118367
601077.XSHG,0.00038412772256058293
688005.XSHG,0.042089035018389793
002448.XSHE,0.0018721127415200576
600398.XSHG,0.010789584029208406
600302.XSHG,-0.01610824977497208
601989.XSHG,0.004587153631305666
002476.XSHE,-0.00995765726006374
002906.XSHE,0.004182654986603269
002037.XSHE,-0.011373693080617486
601127.XSHG,0.07328617861373274
603077.XSHG,0.007732493829047626
002237.XSHE,0.018546400371075366
603949.XSHG,-0.009089109482554893
601958.XSHG,-0.0030680804242715137
300824.XSHE,0.0035131383495528266
603858.XSHG,0.0058828800056560295
002047.XSHE,-0.01194163641542467
002383.XSHE,-1.0308873652211878e-05
000961.XSHE,0.0030365045564464455
000766.XSHE,-0.00931618965527015
603317.XSHG,0.026554479048386502
300866.XSHE,0.06654788447079227
300146.XSHE,0.7989930976485974
603003.XSHG,-0.01450665348636383
300162.XSHE,0.047969362336828886
600695.XSHG,-0.014214832585090646
002838.XSHE,0.011233871660350898
300889.XSHE,-0.007597102424624551
300927.XSHE,-0.005867314497533568
603711.XSHG,-0.0022500968556019105
000598.XSHE,0.01571486313769406
002132.XSHE,-0.009813035712497309
600529.XSHG,0.09793808482415371
300034.XSHE,0.03460470639120931
002144.XSHE,-0.01722771868540214
003003.XSHE,-0.014540467292532847
300098.XSHE,0.030922286566667415
600592.XSHG,-0.008206746331939855
688551.XSHG,-0.00850051981423489
601858.XSHG,-0.007667155808618188
000758.XSHE,0.01666860115031403
600323.XSHG,0.02212770869895537
603825.XSHG,-0.008785196113003248
000837.XSHE,0.04500741972413535
002252.XSHE,0.03886151692657397
002402.XSHE,0.04891380944302674
600058.XSHG,0.003455169971973983
002846.XSHE,-0.012407187635243701
603668.XSHG,-0.01591906295004955
603229.XSHG,0.012374624713922328
603928.XSHG,-0.016192999576000996
600888.XSHG,0.011698101950745398
300374.XSHE,-0.00951893277386214
002490.XSHE,-0.0029972989309492992
003019.XSHE,-0.013068475351128761
603507.XSHG,-0.012722296987724986
000603.XSHE,0.014772440872734873
300665.XSHE,-0.010787548040470545
300848.XSHE,0.03363040320625832
600906.XSHG,-0.002671285835243045
300164.XSHE,-0.01013383075807999
600626.XSHG,0.012188517201444312
600028.XSHG,0.007237513292475428
000768.XSHE,0.08510044873427298
002277.XSHE,-0.006475712654339375
300220.XSHE,-4.229939949414868e-06
688360.XSHG,-0.010014684597372033
002329.XSHE,0.0029412273413787025
300004.XSHE,-0.008945699883960219
002055.XSHE,0.001878025792891428
002966.XSHE,-0.0025920058158866504
002162.XSHE,0.0036692758250487807
300575.XSHE,0.045709402287880674
002190.XSHE,0.009564441886609843
300415.XSHE,0.03688354820172474
300458.XSHE,0.048503505692021026
605009.XSHG,0.012078469642071227
688665.XSHG,0.04876851486648571
300017.XSHE,0.0185091208015601
603031.XSHG,-0.007232999505695149
600810.XSHG,0.01114183502341337
600510.XSHG,0.02998439949088208
000552.XSHE,-0.005745913477464965
601568.XSHG,-0.0018901859569282681
002790.XSHE,-0.0148421787196252
600020.XSHG,-0.007395131193744182
002898.XSHE,-0.016790734801583565
002663.XSHE,-0.010988129000407704
603488.XSHG,-0.014724658281662334
605188.XSHG,-0.010194451892762333
000972.XSHE,-0.016323356322731117
300877.XSHE,-0.00612049563375491
600252.XSHG,0.013619615014835156
600624.XSHG,0.006987127426900653
600890.XSHG,-0.011727907905627846
000697.XSHE,0.0031699395706349352
300781.XSHE,-0.0042665988491378745
603610.XSHG,-0.004071946289308901
002992.XSHE,-0.004738560890899959
688070.XSHG,-0.004300782391850874
600365.XSHG,-0.014064817738599113
000563.XSHE,0.004329786768128888
600150.XSHG,0.028507166781436867
300315.XSHE,0.00879741114113383
600613.XSHG,0.07564594738337715
000507.XSHE,-0.0011215237961809416
000407.XSHE,0.017834669484020207
002021.XSHE,-0.014975788733370354
000848.XSHE,0.11797120397100307
300126.XSHE,-0.003922220132155433
300499.XSHE,-0.009814760904354897
603515.XSHG,0.008319461448566347
002695.XSHE,0.019937412198895797
600189.XSHG,0.002448199438015594
000062.XSHE,0.10159056939644887
000720.XSHE,-0.004290807838338991
600033.XSHG,-0.007914378903935598
002865.XSHE,-0.012074727431969197
300851.XSHE,-0.01424637233345379
002242.XSHE,0.0729747794700477
601113.XSHG,-0.009164838582804521
002014.XSHE,0.0034210324019910143
300049.XSHE,0.006330113678592861
603565.XSHG,0.018359429832858404
600062.XSHG,0.010970614017417847
688659.XSHG,-0.012595483180545554
000966.XSHE,0.011319334366841828
002395.XSHE,-0.005542455175982328
300344.XSHE,-0.0051090251608630986
300067.XSHE,-0.004369740848670228
300027.XSHE,0.014806082142141554
300596.XSHE,0.030410185425375956
600201.XSHG,0.09007878120379867
000828.XSHE,0.0008212555995190697
300175.XSHE,-0.012325827145707964
002173.XSHE,0.0034320907777640203
603992.XSHG,-0.0027995681867435326
600056.XSHG,0.006868072207162228
603776.XSHG,0.024852111100018504
300585.XSHE,-0.012221268970169171
688578.XSHG,0.0074061681362293415
688015.XSHG,-0.005714806038757735
603127.XSHG,0.2239067639059177
600098.XSHG,-0.0021061823973939943
000591.XSHE,0.02239232318411599
601588.XSHG,-0.009449113568732424
600299.XSHG,0.005529283098372062
600710.XSHG,0.0009559919409703986
300072.XSHE,0.026891101144322853
000902.XSHE,0.0236858774016732
002544.XSHE,0.00496395403109497
300498.XSHE,0.00727395319543897
603095.XSHG,-0.013787194811625431
300433.XSHE,0.07573751329247534
603029.XSHG,-0.014249357992889324
600862.XSHG,0.08520603758721988
300226.XSHE,0.07486538605223723
000850.XSHE,-0.010891314084866276
000506.XSHE,-0.016531696563566418
603816.XSHG,0.08790770118916295
603018.XSHG,0.005231306832835904
002569.XSHE,-0.01580175631225028
000918.XSHE,-0.004158150808104881
300350.XSHE,0.005293505865114213
002522.XSHE,0.04095046027964298
603555.XSHG,-0.018304197959936472
002492.XSHE,-0.011245089862708332
600133.XSHG,-0.00827511749502619
603198.XSHG,0.01034525973001722
300346.XSHE,0.1092018771645535
300698.XSHE,-0.011356057214430011
002861.XSHE,-0.013935527726950149
002608.XSHE,-0.0012143454752200043
688588.XSHG,-0.004870846011536162
603320.XSHG,-0.016451761212790718
000034.XSHE,3.697540786306783e-05
002753.XSHE,-0.004768584621322068
002830.XSHE,-0.011552806783031572
300733.XSHE,-0.005696094733581684
000737.XSHE,-0.005484577242973682
300281.XSHE,-0.003943904170329013
688311.XSHG,0.015917834566859176
605055.XSHG,-0.008408474442495682
601766.XSHG,0.007337513292475426
002649.XSHE,-0.0009256019817849206
603315.XSHG,-0.007704089497176105
688608.XSHG,0.17063206799805802
600792.XSHG,-0.006962789399181182
300842.XSHE,-0.005135248145235883
600393.XSHG,-0.009525112594485767
601318.XSHG,0.026237513292475447
002390.XSHE,0.030110852151448896
300292.XSHE,-0.0011041544403994855
300758.XSHE,-0.010124230018772475
605116.XSHG,-0.005624848309320958
300427.XSHE,-0.0003122350532114102
000736.XSHE,-0.0054982275102869755
002618.XSHE,-0.01989104283423719
300222.XSHE,0.05913111495275823
003006.XSHE,0.006151674195009815
002506.XSHE,0.0010834541141049227
600406.XSHG,0.2655375132924755
002510.XSHE,-0.010535020352355085
603030.XSHG,-0.014528777699773399
603677.XSHG,-0.00837440930849417
002249.XSHE,0.033855289912469735
000977.XSHE,0.04946579806627465
002882.XSHE,-0.013506234072251612
300905.XSHE,0.010399928371451598
002226.XSHE,-0.0029317607515442377
603662.XSHG,-0.0055412069104910505
002470.XSHE,-0.010171261637728607
603279.XSHG,-0.0012652069015402067
300240.XSHE,-0.012353438113993996
300723.XSHE,0.020421166800708997
688590.XSHG,-0.014619575064867552
600676.XSHG,0.0023980966001469813
002948.XSHE,-0.0035975493895602315
002512.XSHE,-0.007166421106647564
688669.XSHG,-0.010089152826327294
002951.XSHE,-0.012282045523539445
600219.XSHG,0.023597907327733977
003029.XSHE,0.0007179177253302856
000935.XSHE,-0.00450951885377448
300243.XSHE,0.0007952394402442817
600010.XSHG,0.008471717161701425
300956.XSHE,-0.00782642270873764
605179.XSHG,-0.003979449264598258
600439.XSHG,-0.005268992526804623
603719.XSHG,0.011875100398244923
002856.XSHE,-0.005220655016127184
600557.XSHG,0.009303996466234138
002093.XSHE,0.0024465434119119896
300358.XSHE,0.10189004996463741
600282.XSHG,0.0020223557633157986
601388.XSHG,0.00036491754003809516
600847.XSHG,-0.015814917885721397
002282.XSHE,-0.0020551744629521244
605001.XSHG,-0.01304287962005811
002081.XSHE,0.07827419651282126
300627.XSHE,0.017936993074524107
002645.XSHE,0.015777976580828176
688418.XSHG,-0.008182702272767049
300796.XSHE,-0.009969613508099462
688663.XSHG,-0.011276309521201417
000630.XSHE,0.023455638515067743
603066.XSHG,-0.008845643644644187
605180.XSHG,0.02275567644645305
600981.XSHG,-0.009426428577028436
600448.XSHG,-0.01700639400321068
601880.XSHG,-0.0007695319027055812
002117.XSHE,-0.004851951095579045
000567.XSHE,0.007425385801908494
603368.XSHG,0.00043001875264590816
000409.XSHE,-0.01591149558012345
300248.XSHE,0.025863048293252013
600130.XSHG,-0.010537201129974144
300579.XSHE,0.022363675028861538
002642.XSHE,-0.0067048141392196964
300649.XSHE,-0.013989274039761027
605081.XSHG,-0.006726004567563467
002368.XSHE,0.012478300893228857
600309.XSHG,0.8620487964138314
000058.XSHE,0.0016157550798773547
600052.XSHG,-0.008313691623397648
600283.XSHG,-0.008593750412848386
600192.XSHG,-0.016456995480872615
000553.XSHE,-0.0003863250696671417
300636.XSHE,0.008847918728233508
300624.XSHE,0.02359880131939402
600183.XSHG,0.062058735814808336
600590.XSHG,0.004441135334129931
000429.XSHE,-0.0029912426320823377
002453.XSHE,-0.00806632851991773
300938.XSHE,-0.007423002255558815
600330.XSHG,0.0004632250525447353
300407.XSHE,-0.012164804812161112
601328.XSHG,0.006837513292475419
002336.XSHE,-0.016587864052680243
600628.XSHG,0.05404892601555981
603195.XSHG,0.1344755385240043
002580.XSHE,-0.0018833853925630216
600688.XSHG,0.002143776820156888
605337.XSHG,0.04682108025803456
000980.XSHE,-0.009224154519222552
002274.XSHE,-0.0030278608570172578
600266.XSHG,-0.0043602726556615555
688505.XSHG,0.015240474020443862
300439.XSHE,0.011996713707985903
002176.XSHE,0.060405971485034245
002493.XSHE,0.09433751329247547
300700.XSHE,-0.013967610069254304
601916.XSHG,0.0034839560550199438
600717.XSHG,0.017683351840270173
002746.XSHE,-0.008032907322681785
002967.XSHE,0.015997131041727095
002089.XSHE,-0.0062758783396132806
002532.XSHE,0.04879117441863156
300488.XSHE,0.0008905830685311152
300517.XSHE,-0.004477662140898451
000959.XSHE,0.0031816634613315163
300610.XSHE,-0.009562193836151495
300191.XSHE,0.0025456580314765116
600859.XSHG,0.027436897165379594
600620.XSHG,0.8349047108416905
601366.XSHG,-0.012119857824126265
605018.XSHG,-0.008736337462965552
603180.XSHG,0.04339520286487863
300448.XSHE,0.008656905772345303
603885.XSHG,0.018385130063005035
002674.XSHE,-0.0033464191754054365
002435.XSHE,0.007631009760225224
002337.XSHE,-0.015913528370023862
002876.XSHE,0.019103884825929295
603679.XSHG,-0.011083311890302486
688158.XSHG,-0.0005155619055686247
600343.XSHG,1.2004559983021246e-05
300305.XSHE,-0.010053814443180115
