code,date,high_close_diff
002563.XSHE,2023-03-01,-0.37000000000000455
603721.XSHG,2023-03-01,-0.8599999999999994
688677.XSHG,2023-03-01,-1.0300000000000011
002370.XSHE,2023-03-01,-0.07000000000000028
688211.XSHG,2023-03-01,-0.9499999999999957
688033.XSHG,2023-03-01,-0.2799999999999976
300063.XSHE,2023-03-01,-1.259999999999998
000402.XSHE,2023-03-01,-1.8499999999999943
300852.XSHE,2023-03-01,-1.2199999999999989
603860.XSHG,2023-03-01,-0.8200000000000003
688489.XSHG,2023-03-01,-0.5300000000000011
002323.XSHE,2023-03-01,-0.16000000000000014
603237.XSHG,2023-03-01,-1.6600000000000037
002826.XSHE,2023-03-01,-0.10999999999999943
605066.XSHG,2023-03-01,-0.0600000000000005
688426.XSHG,2023-03-01,-0.5700000000000003
001299.XSHE,2023-03-01,-0.10000000000000142
301122.XSHE,2023-03-01,-0.5700000000000003
603993.XSHG,2023-03-01,-0.5899999999999999
000881.XSHE,2023-03-01,-0.2600000000000051
600122.XSHG,2023-03-01,-0.05000000000000071
000790.XSHE,2023-03-01,-1.3900000000000006
603255.XSHG,2023-03-01,-1.1400000000000006
603607.XSHG,2023-03-01,-0.3200000000000003
600535.XSHG,2023-03-01,-3.089999999999975
688167.XSHG,2023-03-01,-1.3699999999999903
600961.XSHG,2023-03-01,-0.11999999999999922
002073.XSHE,2023-03-01,-0.8299999999999983
000812.XSHE,2023-03-01,-0.6999999999999957
300397.XSHE,2023-03-01,-1.1099999999999994
603089.XSHG,2023-03-01,-0.22000000000000242
002019.XSHE,2023-03-01,-2.5
600238.XSHG,2023-03-01,-0.9199999999999946
002568.XSHE,2023-03-01,-2.75
600516.XSHG,2023-03-01,-0.5400000000000063
603886.XSHG,2023-03-01,-0.28000000000000114
000868.XSHE,2023-03-01,-0.7100000000000009
300959.XSHE,2023-03-01,-1.6999999999999957
300027.XSHE,2023-03-01,-0.9100000000000037
688772.XSHG,2023-03-01,-0.23999999999999844
600815.XSHG,2023-03-01,-0.120000000000001
000816.XSHE,2023-03-01,-0.3000000000000007
001289.XSHE,2023-03-01,-0.10999999999999943
600007.XSHG,2023-03-01,-0.480000000000004
300752.XSHE,2023-03-01,-0.3400000000000034
600821.XSHG,2023-03-01,-0.0899999999999963
605376.XSHG,2023-03-01,-0.21999999999999886
002403.XSHE,2023-03-01,-0.21000000000000085
002321.XSHE,2023-03-01,-0.1299999999999999
600229.XSHG,2023-03-01,-0.2599999999999998
603798.XSHG,2023-03-01,-0.4299999999999997
000407.XSHE,2023-03-01,-0.490000000000002
688077.XSHG,2023-03-01,-0.9299999999999997
001223.XSHE,2023-03-01,-2.030000000000001
600512.XSHG,2023-03-01,-0.129999999999999
000096.XSHE,2023-03-01,-0.40000000000000213
300479.XSHE,2023-03-01,-1.970000000000006
600399.XSHG,2023-03-01,-0.6200000000000045
688788.XSHG,2023-03-01,-2.530000000000001
603861.XSHG,2023-03-01,-0.08000000000000007
001696.XSHE,2023-03-01,-3.1999999999999886
300418.XSHE,2023-03-01,-10.230000000000004
002839.XSHE,2023-03-01,-0.09999999999999964
300555.XSHE,2023-03-01,-0.3500000000000014
603260.XSHG,2023-03-01,-0.8900000000000148
000851.XSHE,2023-03-01,-0.6300000000000008
301171.XSHE,2023-03-01,-1.0
600664.XSHG,2023-03-01,-0.21000000000000085
301193.XSHE,2023-03-01,-0.3100000000000023
301398.XSHE,2023-03-01,-1.2700000000000031
601669.XSHG,2023-03-01,-0.620000000000001
601881.XSHG,2023-03-01,-0.17999999999999972
688009.XSHG,2023-03-01,-0.29000000000000004
688062.XSHG,2023-03-01,-0.15000000000000213
688571.XSHG,2023-03-01,-0.17999999999999972
600243.XSHG,2023-03-01,-0.08000000000000007
000046.XSHE,2023-03-01,-0.6799999999999997
300769.XSHE,2023-03-01,-6.970000000000027
603585.XSHG,2023-03-01,-0.37000000000000455
688315.XSHG,2023-03-01,-0.620000000000001
002335.XSHE,2023-03-01,-3.180000000000007
300055.XSHE,2023-03-01,-0.6400000000000006
300966.XSHE,2023-03-01,-0.9000000000000021
002243.XSHE,2023-03-01,-0.19000000000000128
301111.XSHE,2023-03-01,-0.5399999999999991
688237.XSHG,2023-03-01,-0.5900000000000034
300138.XSHE,2023-03-01,-1.4699999999999989
002047.XSHE,2023-03-01,-0.2599999999999998
000563.XSHE,2023-03-01,-0.5300000000000011
002732.XSHE,2023-03-01,-0.3099999999999987
600355.XSHG,2023-03-01,-0.5899999999999999
600059.XSHG,2023-03-01,-1.0900000000000034
002002.XSHE,2023-03-01,-0.21999999999999886
688048.XSHG,2023-03-01,-2.8100000000000023
600410.XSHG,2023-03-01,-2.8999999999999915
300987.XSHE,2023-03-01,-1.0700000000000003
002483.XSHE,2023-03-01,-0.28999999999999915
000633.XSHE,2023-03-01,-0.519999999999996
002686.XSHE,2023-03-01,-0.5599999999999952
301001.XSHE,2023-03-01,-0.5799999999999983
000949.XSHE,2023-03-01,-0.08999999999999986
002667.XSHE,2023-03-01,-2.1799999999999926
603998.XSHG,2023-03-01,-1.4299999999999997
688218.XSHG,2023-03-01,-1.0499999999999972
000987.XSHE,2023-03-01,-0.9500000000000028
002312.XSHE,2023-03-01,-1.460000000000008
300196.XSHE,2023-03-01,-1.759999999999998
301333.XSHE,2023-03-01,-5.679999999999993
601077.XSHG,2023-03-01,-0.020000000000000462
300244.XSHE,2023-03-01,-0.8599999999999852
600549.XSHG,2023-03-01,-1.490000000000009
600791.XSHG,2023-03-01,-0.8800000000000026
300291.XSHE,2023-03-01,-0.9000000000000057
688084.XSHG,2023-03-01,-0.6500000000000057
600716.XSHG,2023-03-01,-0.09999999999999787
300076.XSHE,2023-03-01,-2.0
688141.XSHG,2023-03-01,-1.3799999999999955
688568.XSHG,2023-03-01,-2.769999999999996
688655.XSHG,2023-03-01,-0.2599999999999998
000999.XSHE,2023-03-01,-6.0800000000000125
301267.XSHE,2023-03-01,-0.9699999999999989
300812.XSHE,2023-03-01,-1.240000000000002
002875.XSHE,2023-03-01,-2.25
002491.XSHE,2023-03-01,-0.5500000000000007
603219.XSHG,2023-03-01,-0.6699999999999982
600368.XSHG,2023-03-01,-0.15000000000000036
688308.XSHG,2023-03-01,-1.5900000000000034
000975.XSHE,2023-03-01,-3.75
688089.XSHG,2023-03-01,-0.38000000000000256
600137.XSHG,2023-03-01,-0.3099999999999987
000050.XSHE,2023-03-01,-1.4399999999999977
300411.XSHE,2023-03-01,-0.40000000000000213
300698.XSHE,2023-03-01,-0.41999999999999815
605005.XSHG,2023-03-01,-0.030000000000001137
688283.XSHG,2023-03-01,-1.0399999999999991
002217.XSHE,2023-03-01,-0.3999999999999986
300623.XSHE,2023-03-01,-2.5500000000000114
600965.XSHG,2023-03-01,-0.07000000000000028
603893.XSHG,2023-03-01,-2.989999999999995
300203.XSHE,2023-03-01,-0.4099999999999966
000498.XSHE,2023-03-01,-0.3200000000000003
002870.XSHE,2023-03-01,-0.509999999999998
002385.XSHE,2023-03-01,-0.4200000000000017
000931.XSHE,2023-03-01,-0.08999999999999986
300770.XSHE,2023-03-01,-2.730000000000004
600282.XSHG,2023-03-01,-0.21999999999999886
002492.XSHE,2023-03-01,-0.4800000000000004
301258.XSHE,2023-03-01,-0.4399999999999977
002674.XSHE,2023-03-01,-0.17999999999999972
300811.XSHE,2023-03-01,-6.730000000000018
600613.XSHG,2023-03-01,-3.9599999999999795
000558.XSHE,2023-03-01,-0.25
002956.XSHE,2023-03-01,-0.6499999999999986
000796.XSHE,2023-03-01,-0.2099999999999973
300323.XSHE,2023-03-01,-0.23999999999999844
300888.XSHE,2023-03-01,-0.5999999999999943
002880.XSHE,2023-03-01,-0.5999999999999943
688075.XSHG,2023-03-01,-1.089999999999975
688314.XSHG,2023-03-01,-0.730000000000004
600138.XSHG,2023-03-01,-1.7099999999999937
000718.XSHE,2023-03-01,-0.4299999999999997
300943.XSHE,2023-03-01,-0.2099999999999973
603700.XSHG,2023-03-01,-0.2699999999999996
003040.XSHE,2023-03-01,-0.6099999999999994
002235.XSHE,2023-03-01,-2.010000000000005
300100.XSHE,2023-03-01,-0.3200000000000003
688779.XSHG,2023-03-01,-0.28000000000000114
000088.XSHE,2023-03-01,-0.1599999999999966
002313.XSHE,2023-03-01,-0.2599999999999998
300791.XSHE,2023-03-01,-1.480000000000004
600160.XSHG,2023-03-01,-4.390000000000015
688301.XSHG,2023-03-01,-4.349999999999966
688621.XSHG,2023-03-01,-5.159999999999997
002996.XSHE,2023-03-01,-0.27000000000000135
000759.XSHE,2023-03-01,-0.28999999999999915
000713.XSHE,2023-03-01,-0.5900000000000034
002899.XSHE,2023-03-01,-0.1399999999999988
605116.XSHG,2023-03-01,-0.14999999999999858
002983.XSHE,2023-03-01,-0.5500000000000007
600123.XSHG,2023-03-01,-1.009999999999991
002181.XSHE,2023-03-01,-0.6600000000000001
002700.XSHE,2023-03-01,-0.23999999999999844
002968.XSHE,2023-03-01,-1.1299999999999955
300637.XSHE,2023-03-01,-0.21999999999999886
300337.XSHE,2023-03-01,-0.5399999999999991
688247.XSHG,2023-03-01,-0.1899999999999995
600735.XSHG,2023-03-01,-0.4899999999999949
002214.XSHE,2023-03-01,-2.3400000000000034
002876.XSHE,2023-03-01,-1.3699999999999903
300715.XSHE,2023-03-01,-1.3200000000000003
002230.XSHE,2023-03-01,-25.350000000000023
002303.XSHE,2023-03-01,-0.5799999999999983
600537.XSHG,2023-03-01,-0.17999999999999972
002187.XSHE,2023-03-01,-0.3000000000000007
002740.XSHE,2023-03-01,-0.21000000000000085
000631.XSHE,2023-03-01,-0.4000000000000057
000978.XSHE,2023-03-01,-0.3200000000000003
002164.XSHE,2023-03-01,-0.38000000000000256
601633.XSHG,2023-03-01,-5.9199999999999875
603517.XSHG,2023-03-01,-0.9899999999999949
300470.XSHE,2023-03-01,-0.46000000000000796
002998.XSHE,2023-03-01,-0.09999999999999964
300653.XSHE,2023-03-01,-0.3299999999999983
603161.XSHG,2023-03-01,-0.2900000000000027
000860.XSHE,2023-03-01,-1.5
600446.XSHG,2023-03-01,-8.769999999999982
603650.XSHG,2023-03-01,-0.9399999999999977
002438.XSHE,2023-03-01,-0.9600000000000009
300069.XSHE,2023-03-01,-0.4499999999999993
688279.XSHG,2023-03-01,-2.239999999999995
300495.XSHE,2023-03-01,-0.5400000000000027
601608.XSHG,2023-03-01,-0.04999999999999982
300444.XSHE,2023-03-01,-0.28000000000000114
001339.XSHE,2023-03-01,-1.3200000000000003
600062.XSHG,2023-03-01,-1.089999999999975
688168.XSHG,2023-03-01,-2.950000000000003
600792.XSHG,2023-03-01,-0.20000000000000284
603678.XSHG,2023-03-01,-0.9900000000000091
002275.XSHE,2023-03-01,-0.18999999999999773
300067.XSHE,2023-03-01,-0.25
000651.XSHE,2023-03-01,-212.88999999999942
688110.XSHG,2023-03-01,-0.5500000000000007
300719.XSHE,2023-03-01,-0.5100000000000016
002308.XSHE,2023-03-01,-0.9199999999999982
300012.XSHE,2023-03-01,-4.28000000000003
600869.XSHG,2023-03-01,-1.1799999999999926
601225.XSHG,2023-03-01,-0.18999999999999773
301067.XSHE,2023-03-01,-0.8099999999999952
601898.XSHG,2023-03-01,-0.120000000000001
000601.XSHE,2023-03-01,-0.3500000000000014
603611.XSHG,2023-03-01,-2.219999999999999
603970.XSHG,2023-03-01,-0.1700000000000017
603067.XSHG,2023-03-01,-0.05999999999999872
300598.XSHE,2023-03-01,-2.9799999999999898
300070.XSHE,2023-03-01,-0.9299999999999926
600831.XSHG,2023-03-01,-2.720000000000006
002892.XSHE,2023-03-01,-0.9600000000000009
600748.XSHG,2023-03-01,-0.33999999999999986
300899.XSHE,2023-03-01,-0.25
000514.XSHE,2023-03-01,-0.21000000000000085
300675.XSHE,2023-03-01,-0.40000000000000213
601208.XSHG,2023-03-01,-1.3100000000000023
001296.XSHE,2023-03-01,-0.28999999999999915
002651.XSHE,2023-03-01,-0.28000000000000114
002803.XSHE,2023-03-01,-1.8799999999999955
603966.XSHG,2023-03-01,-0.39000000000000057
688087.XSHG,2023-03-01,-0.0799999999999983
002380.XSHE,2023-03-01,-1.2099999999999937
688363.XSHG,2023-03-01,-1.6599999999999966
300879.XSHE,2023-03-01,-0.3000000000000007
300736.XSHE,2023-03-01,-0.9299999999999997
301234.XSHE,2023-03-01,-0.28999999999999915
002785.XSHE,2023-03-01,-0.019999999999999574
300746.XSHE,2023-03-01,-0.20999999999999908
002577.XSHE,2023-03-01,-0.7899999999999991
300439.XSHE,2023-03-01,-0.3100000000000023
688368.XSHG,2023-03-01,-3.859999999999985
300902.XSHE,2023-03-01,-0.509999999999998
688498.XSHG,2023-03-01,-6.429999999999978
600022.XSHG,2023-03-01,-0.0600000000000005
688199.XSHG,2023-03-01,-0.509999999999998
301068.XSHE,2023-03-01,-2.270000000000003
300624.XSHE,2023-03-01,-8.219999999999999
301037.XSHE,2023-03-01,-0.21999999999999886
001225.XSHE,2023-03-01,-0.46000000000000085
300164.XSHE,2023-03-01,-0.25
301182.XSHE,2023-03-01,-0.120000000000001
002706.XSHE,2023-03-01,-1.549999999999983
000596.XSHE,2023-03-01,-21.5
002289.XSHE,2023-03-01,-0.19000000000000128
600019.XSHG,2023-03-01,-0.18000000000000327
600618.XSHG,2023-03-01,-2.3600000000000136
000540.XSHE,2023-03-01,-0.8100000000000023
300975.XSHE,2023-03-01,-0.2900000000000009
301302.XSHE,2023-03-01,-1.5300000000000011
000597.XSHE,2023-03-01,-0.15000000000000213
600083.XSHG,2023-03-01,-0.0600000000000005
002415.XSHE,2023-03-01,-33.11999999999989
600966.XSHG,2023-03-01,-0.36999999999999744
300237.XSHE,2023-03-01,-0.3399999999999963
600853.XSHG,2023-03-01,-0.2900000000000009
300331.XSHE,2023-03-01,-0.8700000000000045
300863.XSHE,2023-03-01,-1.5699999999999932
600728.XSHG,2023-03-01,-2.460000000000008
002937.XSHE,2023-03-01,-0.6499999999999986
688383.XSHG,2023-03-01,-0.8799999999999955
605266.XSHG,2023-03-01,-1.240000000000009
688233.XSHG,2023-03-01,-0.759999999999998
002833.XSHE,2023-03-01,-0.9099999999999966
300831.XSHE,2023-03-01,-0.1899999999999995
300049.XSHE,2023-03-01,-2.019999999999996
301049.XSHE,2023-03-01,-0.26000000000000156
600010.XSHG,2023-03-01,-0.25
603041.XSHG,2023-03-01,-0.3099999999999987
002975.XSHE,2023-03-01,-2.2099999999999937
603900.XSHG,2023-03-01,-0.14000000000000057
600703.XSHG,2023-03-01,-2.5500000000000114
300915.XSHE,2023-03-01,-0.980000000000004
002290.XSHE,2023-03-01,-0.33999999999999986
000833.XSHE,2023-03-01,-0.16999999999999993
603588.XSHG,2023-03-01,-0.5799999999999983
002721.XSHE,2023-03-01,-0.17999999999999972
300309.XSHE,2023-03-01,-0.7300000000000004
688619.XSHG,2023-03-01,-0.7899999999999991
603716.XSHG,2023-03-01,-0.28999999999999915
300877.XSHE,2023-03-01,-0.14000000000000057
300900.XSHE,2023-03-01,-0.2600000000000051
688101.XSHG,2023-03-01,-0.1999999999999993
002500.XSHE,2023-03-01,-0.15000000000000036
300833.XSHE,2023-03-01,-4.920000000000002
300146.XSHE,2023-03-01,-6.580000000000041
000029.XSHE,2023-03-01,-0.26000000000000156
000038.XSHE,2023-03-01,-0.46999999999999886
300697.XSHE,2023-03-01,-0.14999999999999858
002437.XSHE,2023-03-01,-0.46999999999999886
601319.XSHG,2023-03-01,-0.07000000000000028
603838.XSHG,2023-03-01,-0.23000000000000043
300113.XSHE,2023-03-01,-7.609999999999985
601678.XSHG,2023-03-01,-0.33999999999999986
300554.XSHE,2023-03-01,-1.5499999999999972
601088.XSHG,2023-03-01,-0.3500000000000014
600570.XSHG,2023-03-01,-52.09999999999991
301190.XSHE,2023-03-01,-0.21999999999999886
002771.XSHE,2023-03-01,-0.5599999999999952
605303.XSHG,2023-03-01,-0.129999999999999
300195.XSHE,2023-03-01,-0.5100000000000016
002516.XSHE,2023-03-01,-0.6099999999999994
300787.XSHE,2023-03-01,-1.8900000000000006
603216.XSHG,2023-03-01,-0.22999999999999687
002846.XSHE,2023-03-01,-0.2699999999999996
600742.XSHG,2023-03-01,-0.8000000000000114
600955.XSHG,2023-03-01,-0.48999999999999844
002079.XSHE,2023-03-01,-1.4399999999999977
300807.XSHE,2023-03-01,-0.7600000000000016
600567.XSHG,2023-03-01,-0.25
688005.XSHG,2023-03-01,-0.6799999999999926
000550.XSHE,2023-03-01,-0.269999999999996
002984.XSHE,2023-03-01,-0.3100000000000023
603356.XSHG,2023-03-01,-0.07000000000000028
301059.XSHE,2023-03-01,-0.46000000000000085
600726.XSHG,2023-03-01,-0.10999999999999943
600527.XSHG,2023-03-01,-0.259999999999998
002278.XSHE,2023-03-01,-0.040000000000000924
600213.XSHG,2023-03-01,-0.33000000000000185
603170.XSHG,2023-03-01,-0.9199999999999982
603229.XSHG,2023-03-01,-0.3299999999999983
001308.XSHE,2023-03-01,-0.7999999999999972
603077.XSHG,2023-03-01,-0.4199999999999946
300527.XSHE,2023-03-01,-0.17999999999999972
002037.XSHE,2023-03-01,-0.5399999999999991
301209.XSHE,2023-03-01,-0.10999999999999943
300296.XSHE,2023-03-01,-4.780000000000001
301066.XSHE,2023-03-01,-0.25
600058.XSHG,2023-03-01,-0.3400000000000034
300151.XSHE,2023-03-01,-1.3300000000000125
603238.XSHG,2023-03-01,-0.2699999999999996
600753.XSHG,2023-03-01,-0.720000000000006
688680.XSHG,2023-03-01,-0.8999999999999773
601816.XSHG,2023-03-01,-0.28000000000000025
301330.XSHE,2023-03-01,-1.5600000000000023
300408.XSHE,2023-03-01,-1.549999999999983
301277.XSHE,2023-03-01,-0.4400000000000013
600461.XSHG,2023-03-01,-0.21000000000000085
301065.XSHE,2023-03-01,-0.1600000000000037
001238.XSHE,2023-03-01,-0.389999999999997
002298.XSHE,2023-03-01,-0.5
000920.XSHE,2023-03-01,-0.2900000000000027
301159.XSHE,2023-03-01,-1.6900000000000048
002747.XSHE,2023-03-01,-3.329999999999984
600846.XSHG,2023-03-01,-0.4399999999999977
603600.XSHG,2023-03-01,-0.5700000000000003
002470.XSHE,2023-03-01,-0.05000000000000071
605599.XSHG,2023-03-01,-0.1800000000000015
002461.XSHE,2023-03-01,-0.23999999999999844
600367.XSHG,2023-03-01,-0.7900000000000063
300290.XSHE,2023-03-01,-1.4399999999999977
600905.XSHG,2023-03-01,-0.08000000000000007
605289.XSHG,2023-03-01,-0.769999999999996
301092.XSHE,2023-03-01,-0.620000000000001
600620.XSHG,2023-03-01,-64.33999999999924
601398.XSHG,2023-03-01,-0.02999999999999936
601588.XSHG,2023-03-01,-0.040000000000000036
603212.XSHG,2023-03-01,-0.33999999999999986
603895.XSHG,2023-03-01,-1.4600000000000009
002304.XSHE,2023-03-01,-17.00999999999999
603667.XSHG,2023-03-01,-0.16000000000000014
603289.XSHG,2023-03-01,-0.25
600744.XSHG,2023-03-01,-0.03999999999999915
002338.XSHE,2023-03-01,-2.3200000000000074
603699.XSHG,2023-03-01,-0.3000000000000007
000686.XSHE,2023-03-01,-1.1099999999999994
300918.XSHE,2023-03-01,-0.6000000000000014
001217.XSHE,2023-03-01,-0.14000000000000057
300413.XSHE,2023-03-01,-2.5700000000000003
600704.XSHG,2023-03-01,-0.8900000000000006
002776.XSHE,2023-03-01,-0.14000000000000057
601212.XSHG,2023-03-01,-0.050000000000000266
000430.XSHE,2023-03-01,-0.46000000000000085
301156.XSHE,2023-03-01,-0.240000000000002
300957.XSHE,2023-03-01,-1.3799999999999955
600976.XSHG,2023-03-01,-5.990000000000009
300823.XSHE,2023-03-01,-0.129999999999999
600103.XSHG,2023-03-01,-0.16000000000000014
300564.XSHE,2023-03-01,-0.1700000000000017
002841.XSHE,2023-03-01,-0.3199999999999932
000663.XSHE,2023-03-01,-0.4099999999999966
002054.XSHE,2023-03-01,-0.23999999999999844
600536.XSHG,2023-03-01,-19.47999999999996
300416.XSHE,2023-03-01,-2.3499999999999943
601169.XSHG,2023-03-01,-0.08999999999999986
300150.XSHE,2023-03-01,-0.4299999999999997
603090.XSHG,2023-03-01,-0.14000000000000057
600386.XSHG,2023-03-01,-0.5899999999999999
300526.XSHE,2023-03-01,-0.6799999999999997
002273.XSHE,2023-03-01,-4.769999999999982
688508.XSHG,2023-03-01,-0.9900000000000091
600114.XSHG,2023-03-01,-1.2600000000000051
688357.XSHG,2023-03-01,-2.3900000000000006
001208.XSHE,2023-03-01,-0.15000000000000036
002198.XSHE,2023-03-01,-0.6600000000000037
002549.XSHE,2023-03-01,-0.7599999999999909
000059.XSHE,2023-03-01,-0.16000000000000014
002280.XSHE,2023-03-01,-0.8100000000000023
600429.XSHG,2023-03-01,-0.0600000000000005
300144.XSHE,2023-03-01,-2.890000000000015
603010.XSHG,2023-03-01,-0.6000000000000014
688403.XSHG,2023-03-01,-0.5199999999999996
600698.XSHG,2023-03-01,-0.4800000000000004
688051.XSHG,2023-03-01,-0.9200000000000017
600793.XSHG,2023-03-01,-0.5100000000000051
601001.XSHG,2023-03-01,-0.3500000000000014
000779.XSHE,2023-03-01,-1.3299999999999983
300615.XSHE,2023-03-01,-1.25
300035.XSHE,2023-03-01,-2.3700000000000045
601700.XSHG,2023-03-01,-0.6300000000000026
601015.XSHG,2023-03-01,-0.22000000000000064
300445.XSHE,2023-03-01,-0.4899999999999949
600188.XSHG,2023-03-01,-1.3199999999999932
600358.XSHG,2023-03-01,-0.17999999999999972
688599.XSHG,2023-03-01,-0.3999999999999986
688595.XSHG,2023-03-01,-1.5
002856.XSHE,2023-03-01,-0.1999999999999993
300024.XSHE,2023-03-01,-2.3700000000000045
300108.XSHE,2023-03-01,-0.120000000000001
688158.XSHG,2023-03-01,-1.0899999999999999
688236.XSHG,2023-03-01,-0.46000000000000085
000806.XSHE,2023-03-01,0.0
000838.XSHE,2023-03-01,-1.039999999999992
300720.XSHE,2023-03-01,-0.5500000000000043
000836.XSHE,2023-03-01,-1.4100000000000001
002080.XSHE,2023-03-01,-0.8699999999999903
600486.XSHG,2023-03-01,-1.2699999999999818
002938.XSHE,2023-03-01,-0.389999999999997
600335.XSHG,2023-03-01,-0.7199999999999989
600332.XSHG,2023-03-01,-0.39000000000000057
002410.XSHE,2023-03-01,-26.549999999999955
301211.XSHE,2023-03-01,-0.7899999999999991
600055.XSHG,2023-03-01,-1.329999999999984
300649.XSHE,2023-03-01,-0.5700000000000003
000750.XSHE,2023-03-01,-0.519999999999996
688800.XSHG,2023-03-01,-2.4299999999999926
600106.XSHG,2023-03-01,-0.740000000000002
301396.XSHE,2023-03-01,-1.75
688336.XSHG,2023-03-01,-0.15000000000000036
300002.XSHE,2023-03-01,-9.879999999999995
301312.XSHE,2023-03-01,-2.9200000000000017
600004.XSHG,2023-03-01,-0.27999999999999403
300466.XSHE,2023-03-01,-0.6499999999999986
600104.XSHG,2023-03-01,-2.0900000000000034
002349.XSHE,2023-03-01,-0.46999999999999886
688408.XSHG,2023-03-01,-1.4599999999999937
002541.XSHE,2023-03-01,-6.079999999999984
300749.XSHE,2023-03-01,-0.35999999999999943
603959.XSHG,2023-03-01,-0.05999999999999872
000548.XSHE,2023-03-01,-0.33000000000000185
000695.XSHE,2023-03-01,-0.6199999999999974
000422.XSHE,2023-03-01,-1.4899999999999807
002733.XSHE,2023-03-01,-0.740000000000002
002728.XSHE,2023-03-01,-3.299999999999997
300276.XSHE,2023-03-01,-1.3200000000000003
600730.XSHG,2023-03-01,-0.44999999999999574
603556.XSHG,2023-03-01,-0.3499999999999943
603030.XSHG,2023-03-01,-0.08999999999999986
000504.XSHE,2023-03-01,-0.4100000000000037
603662.XSHG,2023-03-01,-0.240000000000002
300222.XSHE,2023-03-01,-1.3400000000000034
688278.XSHG,2023-03-01,-0.3400000000000034
301095.XSHE,2023-03-01,-0.9699999999999989
688288.XSHG,2023-03-01,-0.45000000000000284
603520.XSHG,2023-03-01,-0.7000000000000028
600989.XSHG,2023-03-01,-0.610000000000003
301133.XSHE,2023-03-01,-0.3999999999999986
688198.XSHG,2023-03-01,-6.25
603007.XSHG,2023-03-01,-0.46000000000000085
002913.XSHE,2023-03-01,-0.8599999999999994
002808.XSHE,2023-03-01,-1.1200000000000045
600171.XSHG,2023-03-01,-2.1400000000000006
600647.XSHG,2023-03-01,-3.990000000000009
600674.XSHG,2023-03-01,-3.6000000000000227
688202.XSHG,2023-03-01,-1.990000000000009
002310.XSHE,2023-03-01,-1.8599999999999994
603869.XSHG,2023-03-01,-0.41000000000000014
002867.XSHE,2023-03-01,-1.8100000000000023
000150.XSHE,2023-03-01,-0.16000000000000014
002452.XSHE,2023-03-01,-0.28999999999999915
300017.XSHE,2023-03-01,-4.980000000000018
300724.XSHE,2023-03-01,-1.6200000000000045
600326.XSHG,2023-03-01,-0.6600000000000037
603681.XSHG,2023-03-01,-0.4200000000000017
688086.XSHG,2023-03-01,-0.5300000000000002
601518.XSHG,2023-03-01,-0.040000000000000036
002695.XSHE,2023-03-01,-0.5900000000000034
600017.XSHG,2023-03-01,-0.09999999999999964
301296.XSHE,2023-03-01,-0.25
601233.XSHG,2023-03-01,-1.25
688416.XSHG,2023-03-01,-2.4099999999999966
000586.XSHE,2023-03-01,-0.9699999999999989
001965.XSHE,2023-03-01,-0.2699999999999996
688139.XSHG,2023-03-01,-0.14999999999999147
688173.XSHG,2023-03-01,-0.40000000000000213
600223.XSHG,2023-03-01,-0.3100000000000023
301126.XSHE,2023-03-01,-0.3000000000000007
601899.XSHG,2023-03-01,-0.9299999999999997
003003.XSHE,2023-03-01,-0.13000000000000078
300112.XSHE,2023-03-01,-1.0300000000000011
601968.XSHG,2023-03-01,-0.0600000000000005
300641.XSHE,2023-03-01,-0.14000000000000057
603351.XSHG,2023-03-01,-1.0
688380.XSHG,2023-03-01,-0.4499999999999993
688656.XSHG,2023-03-01,-0.5899999999999963
601990.XSHG,2023-03-01,-0.16000000000000014
002675.XSHE,2023-03-01,-0.4200000000000017
600758.XSHG,2023-03-01,-0.10999999999999943
300269.XSHE,2023-03-01,-0.26000000000000156
688219.XSHG,2023-03-01,-0.27999999999999936
603195.XSHG,2023-03-01,-2.719999999999999
002603.XSHE,2023-03-01,-3.319999999999993
002458.XSHE,2023-03-01,-1.0800000000000125
600173.XSHG,2023-03-01,-0.06999999999999851
001266.XSHE,2023-03-01,-0.8799999999999955
000012.XSHE,2023-03-01,-1.670000000000016
688206.XSHG,2023-03-01,-0.7300000000000004
600323.XSHG,2023-03-01,-0.15000000000000568
600800.XSHG,2023-03-01,-0.37000000000000455
000711.XSHE,2023-03-01,-0.5100000000000016
002413.XSHE,2023-03-01,-0.5399999999999991
300071.XSHE,2023-03-01,-2.450000000000003
600487.XSHG,2023-03-01,-2.460000000000008
002056.XSHE,2023-03-01,-2.8899999999999864
688559.XSHG,2023-03-01,-1.2099999999999937
301208.XSHE,2023-03-01,-3.25
300693.XSHE,2023-03-01,-2.509999999999991
000989.XSHE,2023-03-01,-2.1899999999999977
001258.XSHE,2023-03-01,-0.11999999999999922
002068.XSHE,2023-03-01,-0.8299999999999983
600308.XSHG,2023-03-01,-0.240000000000002
600918.XSHG,2023-03-01,-0.09999999999999964
000526.XSHE,2023-03-01,-0.6700000000000017
688030.XSHG,2023-03-01,-0.8099999999999987
600935.XSHG,2023-03-01,-0.040000000000000036
603177.XSHG,2023-03-01,-1.0300000000000011
002455.XSHE,2023-03-01,-0.38000000000000966
002873.XSHE,2023-03-01,-1.1999999999999957
300822.XSHE,2023-03-01,-1.9100000000000001
600708.XSHG,2023-03-01,-0.379999999999999
000937.XSHE,2023-03-01,-1.3299999999999983
600684.XSHG,2023-03-01,-0.5700000000000003
603806.XSHG,2023-03-01,-2.7700000000000102
000066.XSHE,2023-03-01,-6.960000000000008
688215.XSHG,2023-03-01,-0.6099999999999994
301359.XSHE,2023-03-01,-0.40000000000000213
300820.XSHE,2023-03-01,-8.519999999999982
300420.XSHE,2023-03-01,-0.28000000000000114
002702.XSHE,2023-03-01,-0.6400000000000006
600808.XSHG,2023-03-01,0.0
002572.XSHE,2023-03-01,-20.529999999999973
600894.XSHG,2023-03-01,-0.1999999999999993
000963.XSHE,2023-03-01,-5.080000000000041
002986.XSHE,2023-03-01,-0.5799999999999983
300499.XSHE,2023-03-01,-0.8299999999999983
600827.XSHG,2023-03-01,-0.789999999999992
000752.XSHE,2023-03-01,-0.3000000000000007
000807.XSHE,2023-03-01,-5.27000000000001
000892.XSHE,2023-03-01,-0.1999999999999993
300374.XSHE,2023-03-01,-0.8099999999999987
600895.XSHG,2023-03-01,-3.3000000000000114
603693.XSHG,2023-03-01,-0.120000000000001
300660.XSHE,2023-03-01,-2.1500000000000057
603151.XSHG,2023-03-01,-0.10999999999999943
605162.XSHG,2023-03-01,-0.05000000000000071
301179.XSHE,2023-03-01,-0.4799999999999969
603920.XSHG,2023-03-01,-1.5399999999999991
605168.XSHG,2023-03-01,-9.949999999999989
688626.XSHG,2023-03-01,-0.9600000000000009
688060.XSHG,2023-03-01,-1.75
688501.XSHG,2023-03-01,-0.6300000000000026
000510.XSHE,2023-03-01,-1.019999999999996
600195.XSHG,2023-03-01,-0.45000000000000284
002389.XSHE,2023-03-01,-1.6100000000000136
002245.XSHE,2023-03-01,-0.8300000000000125
002144.XSHE,2023-03-01,-0.16000000000000014
300747.XSHE,2023-03-01,-3.490000000000009
002653.XSHE,2023-03-01,-0.35999999999999943
601279.XSHG,2023-03-01,-0.02999999999999936
000715.XSHE,2023-03-01,-1.1400000000000006
301338.XSHE,2023-03-01,-1.259999999999998
301349.XSHE,2023-03-01,-0.539999999999992
601686.XSHG,2023-03-01,-0.03000000000000025
300685.XSHE,2023-03-01,-1.2800000000000011
002725.XSHE,2023-03-01,-0.41000000000000014
600088.XSHG,2023-03-01,-2.1700000000000017
301116.XSHE,2023-03-01,-0.1999999999999993
301055.XSHE,2023-03-01,-0.0799999999999983
002676.XSHE,2023-03-01,-0.41999999999999815
300829.XSHE,2023-03-01,-0.6299999999999955
300839.XSHE,2023-03-01,-0.3300000000000054
300567.XSHE,2023-03-01,-1.8300000000000125
603197.XSHG,2023-03-01,-1.4399999999999977
600155.XSHG,2023-03-01,-0.38000000000000256
002845.XSHE,2023-03-01,-1.240000000000002
002149.XSHE,2023-03-01,-0.6399999999999935
002174.XSHE,2023-03-01,-1.3699999999999974
603529.XSHG,2023-03-01,-1.759999999999991
300832.XSHE,2023-03-01,-0.6700000000000017
300228.XSHE,2023-03-01,-0.5200000000000031
002623.XSHE,2023-03-01,-0.7100000000000009
001979.XSHE,2023-03-01,-0.5199999999999996
600933.XSHG,2023-03-01,-0.4800000000000004
603127.XSHG,2023-03-01,-2.509999999999991
603306.XSHG,2023-03-01,-1.6199999999999903
300391.XSHE,2023-03-01,-0.19000000000000483
003015.XSHE,2023-03-01,-0.3000000000000007
603557.XSHG,2023-03-01,-0.06000000000000005
300485.XSHE,2023-03-01,-0.259999999999998
600633.XSHG,2023-03-01,-4.930000000000007
603778.XSHG,2023-03-01,-2.1499999999999986
600331.XSHG,2023-03-01,-0.4499999999999993
301207.XSHE,2023-03-01,-0.5900000000000034
600369.XSHG,2023-03-01,-0.15000000000000213
600321.XSHG,2023-03-01,-0.15000000000000036
300274.XSHE,2023-03-01,-8.289999999999964
603657.XSHG,2023-03-01,-0.6900000000000013
300758.XSHE,2023-03-01,-2.269999999999996
603377.XSHG,2023-03-01,-0.120000000000001
001311.XSHE,2023-03-01,-3.25
300385.XSHE,2023-03-01,-0.23000000000000043
301255.XSHE,2023-03-01,-0.45000000000000284
600115.XSHG,2023-03-01,-0.09999999999999964
603313.XSHG,2023-03-01,-0.13999999999999702
688088.XSHG,2023-03-01,-2.0500000000000007
000605.XSHE,2023-03-01,-0.17999999999999972
000885.XSHE,2023-03-01,-0.28999999999999915
600845.XSHG,2023-03-01,-21.970000000000027
301205.XSHE,2023-03-01,-3.740000000000002
603773.XSHG,2023-03-01,-0.3999999999999986
600580.XSHG,2023-03-01,-1.1000000000000085
300400.XSHE,2023-03-01,-1.0100000000000051
601211.XSHG,2023-03-01,-0.25
605305.XSHG,2023-03-01,-6.159999999999997
688137.XSHG,2023-03-01,-0.8400000000000034
688588.XSHG,2023-03-01,-0.5599999999999987
300243.XSHE,2023-03-01,-0.7299999999999969
600302.XSHG,2023-03-01,-0.15000000000000213
300206.XSHE,2023-03-01,-1.8799999999999955
300213.XSHE,2023-03-01,-1.0799999999999983
688320.XSHG,2023-03-01,-1.1099999999999994
600556.XSHG,2023-03-01,-0.7600000000000016
001202.XSHE,2023-03-01,-0.060000000000002274
688059.XSHG,2023-03-01,-3.719999999999999
002585.XSHE,2023-03-01,-0.6899999999999977
300401.XSHE,2023-03-01,-0.6799999999999926
000065.XSHE,2023-03-01,-3.880000000000024
300097.XSHE,2023-03-01,-0.5100000000000016
688302.XSHG,2023-03-01,-2.1499999999999986
600702.XSHG,2023-03-01,-12.420000000000073
000630.XSHE,2023-03-01,-2.430000000000007
002790.XSHE,2023-03-01,-1.5399999999999991
301042.XSHE,2023-03-01,-0.9100000000000037
600477.XSHG,2023-03-01,-2.259999999999991
603215.XSHG,2023-03-01,-0.120000000000001
688203.XSHG,2023-03-01,-0.15000000000000213
002167.XSHE,2023-03-01,-1.7999999999999972
603333.XSHG,2023-03-01,-0.2400000000000002
000797.XSHE,2023-03-01,-0.5
000901.XSHE,2023-03-01,-1.769999999999996
300905.XSHE,2023-03-01,-0.5800000000000054
605580.XSHG,2023-03-01,-0.28999999999999915
603258.XSHG,2023-03-01,-0.6700000000000017
001206.XSHE,2023-03-01,-0.22999999999999687
688157.XSHG,2023-03-01,-1.7199999999999989
300421.XSHE,2023-03-01,-0.23000000000000043
002029.XSHE,2023-03-01,-0.7999999999999972
002877.XSHE,2023-03-01,-1.0899999999999999
300384.XSHE,2023-03-01,-1.5799999999999983
002745.XSHE,2023-03-01,-0.41000000000000014
688516.XSHG,2023-03-01,-5.17999999999995
300737.XSHE,2023-03-01,-0.5599999999999987
002631.XSHE,2023-03-01,-0.46999999999999886
300079.XSHE,2023-03-01,-13.210000000000008
601988.XSHG,2023-03-01,-0.040000000000000036
000889.XSHE,2023-03-01,-0.20999999999999908
002682.XSHE,2023-03-01,-0.13000000000000078
002715.XSHE,2023-03-01,-0.360000000000003
002718.XSHE,2023-03-01,-0.8800000000000026
688557.XSHG,2023-03-01,-0.4299999999999997
000890.XSHE,2023-03-01,-0.3699999999999992
300016.XSHE,2023-03-01,-0.45000000000000284
300224.XSHE,2023-03-01,-0.6199999999999903
300350.XSHE,2023-03-01,-0.7999999999999972
601188.XSHG,2023-03-01,-0.040000000000000036
000610.XSHE,2023-03-01,-1.1499999999999986
600165.XSHG,2023-03-01,-0.45000000000000284
605028.XSHG,2023-03-01,-0.08999999999999986
600688.XSHG,2023-03-01,-0.08000000000000007
600217.XSHG,2023-03-01,-0.23000000000000043
300489.XSHE,2023-03-01,-0.6899999999999977
605058.XSHG,2023-03-01,-0.11999999999999744
600052.XSHG,2023-03-01,-0.3500000000000014
603566.XSHG,2023-03-01,-0.37000000000000455
002393.XSHE,2023-03-01,-0.11999999999999744
688212.XSHG,2023-03-01,-0.23999999999999488
600713.XSHG,2023-03-01,-0.6099999999999994
002185.XSHE,2023-03-01,-2.930000000000007
600067.XSHG,2023-03-01,-0.6700000000000017
300145.XSHE,2023-03-01,-0.5900000000000034
002369.XSHE,2023-03-01,-0.5599999999999987
300179.XSHE,2023-03-01,-0.8200000000000074
000825.XSHE,2023-03-01,-0.3299999999999983
688238.XSHG,2023-03-01,-0.21000000000000085
603150.XSHG,2023-03-01,-0.22000000000000242
688275.XSHG,2023-03-01,-1.75
601339.XSHG,2023-03-01,-0.5100000000000016
688787.XSHG,2023-03-01,-19.900000000000006
000995.XSHE,2023-03-01,-0.19000000000000128
000593.XSHE,2023-03-01,-0.18999999999999773
300546.XSHE,2023-03-01,-0.8200000000000074
601229.XSHG,2023-03-01,-0.120000000000001
002859.XSHE,2023-03-01,-1.8299999999999983
600802.XSHG,2023-03-01,-0.25
002496.XSHE,2023-03-01,-0.28999999999999915
002189.XSHE,2023-03-01,-0.3500000000000014
301003.XSHE,2023-03-01,-0.8599999999999994
300093.XSHE,2023-03-01,-0.5600000000000023
300785.XSHE,2023-03-01,-1.4500000000000028
300751.XSHE,2023-03-01,-10.519999999999982
301007.XSHE,2023-03-01,-0.20000000000000107
300360.XSHE,2023-03-01,-1.3599999999999994
300252.XSHE,2023-03-01,-1.3500000000000014
600917.XSHG,2023-03-01,-0.07000000000000028
000019.XSHE,2023-03-01,-0.6499999999999986
002673.XSHE,2023-03-01,-0.26000000000000156
300881.XSHE,2023-03-01,-1.490000000000002
300989.XSHE,2023-03-01,-0.6099999999999994
300798.XSHE,2023-03-01,-0.20999999999999996
601231.XSHG,2023-03-01,-0.21000000000000085
688613.XSHG,2023-03-01,-0.5
300963.XSHE,2023-03-01,-0.389999999999997
300766.XSHE,2023-03-01,-1.0500000000000007
605577.XSHG,2023-03-01,-0.1899999999999995
000428.XSHE,2023-03-01,-0.6599999999999966
002596.XSHE,2023-03-01,-1.5899999999999999
002819.XSHE,2023-03-01,-1.0800000000000054
300498.XSHE,2023-03-01,-0.21000000000000085
300633.XSHE,2023-03-01,-0.8400000000000034
600602.XSHG,2023-03-01,-682.0
688670.XSHG,2023-03-01,-0.30000000000000426
600893.XSHG,2023-03-01,-1.75
002392.XSHE,2023-03-01,-0.25
000589.XSHE,2023-03-01,-0.7899999999999991
002955.XSHE,2023-03-01,-1.0200000000000031
300602.XSHE,2023-03-01,-1.480000000000004
300516.XSHE,2023-03-01,-0.9099999999999966
688506.XSHG,2023-03-01,-3.1400000000000006
601388.XSHG,2023-03-01,-0.2699999999999996
002177.XSHE,2023-03-01,-0.5399999999999991
301058.XSHE,2023-03-01,-0.2400000000000002
002248.XSHE,2023-03-01,-0.5199999999999996
002162.XSHE,2023-03-01,-0.27999999999999936
002672.XSHE,2023-03-01,-0.37000000000000455
605179.XSHG,2023-03-01,-0.07000000000000028
301021.XSHE,2023-03-01,-0.5399999999999991
600573.XSHG,2023-03-01,-0.2400000000000002
601098.XSHG,2023-03-01,-0.27999999999999936
301236.XSHE,2023-03-01,-2.9099999999999966
003041.XSHE,2023-03-01,-0.05999999999999872
300631.XSHE,2023-03-01,-2.289999999999999
300543.XSHE,2023-03-01,-0.7899999999999991
600526.XSHG,2023-03-01,-0.120000000000001
002884.XSHE,2023-03-01,-1.25
600612.XSHG,2023-03-01,-102.26000000000022
688069.XSHG,2023-03-01,-0.5700000000000003
600798.XSHG,2023-03-01,-0.5900000000000034
300166.XSHE,2023-03-01,-10.280000000000001
300773.XSHE,2023-03-01,-1.5700000000000003
688256.XSHG,2023-03-01,-7.5
600157.XSHG,2023-03-01,0.0
301218.XSHE,2023-03-01,-1.7000000000000028
301356.XSHE,2023-03-01,-0.4100000000000037
603899.XSHG,2023-03-01,-0.7400000000000091
002277.XSHE,2023-03-01,-0.19000000000000128
600203.XSHG,2023-03-01,-0.1399999999999988
600251.XSHG,2023-03-01,-0.5100000000000051
688295.XSHG,2023-03-01,-0.4200000000000017
002026.XSHE,2023-03-01,-0.5200000000000031
002559.XSHE,2023-03-01,-0.7999999999999972
300972.XSHE,2023-03-01,-0.75
000818.XSHE,2023-03-01,-0.5900000000000034
300387.XSHE,2023-03-01,-0.370000000000001
600033.XSHG,2023-03-01,-0.3100000000000023
600767.XSHG,2023-03-01,-0.41000000000000014
002226.XSHE,2023-03-01,-0.9099999999999966
300236.XSHE,2023-03-01,-0.5699999999999932
600737.XSHG,2023-03-01,-0.7600000000000051
600847.XSHG,2023-03-01,-0.4299999999999997
300667.XSHE,2023-03-01,-0.6700000000000017
688690.XSHG,2023-03-01,-1.4200000000000017
002587.XSHE,2023-03-01,-1.5
688396.XSHG,2023-03-01,-0.5900000000000034
600468.XSHG,2023-03-01,-0.36999999999999744
000861.XSHE,2023-03-01,-0.20000000000000284
688349.XSHG,2023-03-01,-1.3500000000000014
000863.XSHE,2023-03-01,-0.5700000000000003
603507.XSHG,2023-03-01,-0.8599999999999994
000829.XSHE,2023-03-01,-3.280000000000001
603843.XSHG,2023-03-01,-0.08000000000000007
600662.XSHG,2023-03-01,-3.8100000000000023
603186.XSHG,2023-03-01,-2.4200000000000017
300096.XSHE,2023-03-01,-1.1799999999999997
603817.XSHG,2023-03-01,-0.07000000000000028
002590.XSHE,2023-03-01,-2.010000000000005
002352.XSHE,2023-03-01,-3.079999999999984
688217.XSHG,2023-03-01,-0.2700000000000031
300292.XSHE,2023-03-01,-1.2199999999999989
002486.XSHE,2023-03-01,-0.08999999999999986
603489.XSHG,2023-03-01,-0.480000000000004
300448.XSHE,2023-03-01,-2.25
002239.XSHE,2023-03-01,-0.36999999999999744
300364.XSHE,2023-03-01,-3.489999999999995
600105.XSHG,2023-03-01,-1.3900000000000006
300582.XSHE,2023-03-01,-0.6700000000000017
603220.XSHG,2023-03-01,-0.370000000000001
300115.XSHE,2023-03-01,-1.1099999999999852
300254.XSHE,2023-03-01,-0.08999999999999986
603272.XSHG,2023-03-01,-0.41000000000000014
603912.XSHG,2023-03-01,-0.5599999999999987
601222.XSHG,2023-03-01,-0.5499999999999972
002306.XSHE,2023-03-01,-0.5
600592.XSHG,2023-03-01,-0.4499999999999993
002175.XSHE,2023-03-01,-0.33000000000000185
600546.XSHG,2023-03-01,-1.0999999999999943
600675.XSHG,2023-03-01,-1.3899999999999864
300664.XSHE,2023-03-01,-0.05000000000000071
002061.XSHE,2023-03-01,-0.1899999999999995
000821.XSHE,2023-03-01,-0.9600000000000009
601949.XSHG,2023-03-01,-0.1899999999999995
603508.XSHG,2023-03-01,-0.990000000000002
603218.XSHG,2023-03-01,-0.23000000000000398
600050.XSHG,2023-03-01,-0.9699999999999989
002161.XSHE,2023-03-01,-1.5
600642.XSHG,2023-03-01,-0.2599999999999909
300307.XSHE,2023-03-01,-0.1999999999999993
600119.XSHG,2023-03-01,-0.17999999999999972
300248.XSHE,2023-03-01,-5.200000000000003
300128.XSHE,2023-03-01,-0.5
688227.XSHG,2023-03-01,-2.4099999999999966
600589.XSHG,2023-03-01,-0.26000000000000156
603230.XSHG,2023-03-01,-0.17999999999999972
301110.XSHE,2023-03-01,-0.9500000000000028
601619.XSHG,2023-03-01,-0.13999999999999968
603209.XSHG,2023-03-01,-0.10000000000000142
601568.XSHG,2023-03-01,-0.04999999999999982
002405.XSHE,2023-03-01,-1.2099999999999937
300210.XSHE,2023-03-01,-0.240000000000002
603016.XSHG,2023-03-01,-0.07000000000000028
000930.XSHE,2023-03-01,-0.529999999999994
601003.XSHG,2023-03-01,-0.39000000000000057
600785.XSHG,2023-03-01,-1.1200000000000045
002971.XSHE,2023-03-01,-0.240000000000002
600903.XSHG,2023-03-01,-0.02999999999999936
002205.XSHE,2023-03-01,-0.35999999999999943
300126.XSHE,2023-03-01,-0.8900000000000006
300843.XSHE,2023-03-01,-0.3000000000000007
300376.XSHE,2023-03-01,-5.349999999999994
688293.XSHG,2023-03-01,-3.1899999999999977
002763.XSHE,2023-03-01,-0.08999999999999986
601258.XSHG,2023-03-01,-0.04999999999999982
603076.XSHG,2023-03-01,-1.8699999999999974
300981.XSHE,2023-03-01,-0.5399999999999991
002810.XSHE,2023-03-01,-1.0699999999999932
002390.XSHE,2023-03-01,-0.5200000000000031
689009.XSHG,2023-03-01,-0.39000000000000057
300838.XSHE,2023-03-01,-0.4700000000000024
300875.XSHE,2023-03-01,-1.0799999999999983
688398.XSHG,2023-03-01,-1.3200000000000003
600776.XSHG,2023-03-01,-1.7199999999999989
000951.XSHE,2023-03-01,-1.3400000000000034
002869.XSHE,2023-03-01,-2.239999999999995
002947.XSHE,2023-03-01,-0.740000000000002
002129.XSHE,2023-03-01,-2.509999999999991
002800.XSHE,2023-03-01,-1.1600000000000037
300215.XSHE,2023-03-01,-1.3100000000000023
600984.XSHG,2023-03-01,-0.8599999999999994
300935.XSHE,2023-03-01,-0.9399999999999977
600100.XSHG,2023-03-01,-3.8400000000000034
603279.XSHG,2023-03-01,-0.3400000000000034
300103.XSHE,2023-03-01,-0.9600000000000009
300808.XSHE,2023-03-01,-0.10999999999999943
002827.XSHE,2023-03-01,-0.20000000000000284
301336.XSHE,2023-03-01,-1.1000000000000014
300961.XSHE,2023-03-01,-0.08999999999999986
001872.XSHE,2023-03-01,-0.8700000000000045
603511.XSHG,2023-03-01,-0.25
603598.XSHG,2023-03-01,-0.9699999999999989
000524.XSHE,2023-03-01,-0.4399999999999977
002538.XSHE,2023-03-01,-0.3300000000000054
600076.XSHG,2023-03-01,-0.10000000000000142
605298.XSHG,2023-03-01,-0.33000000000000185
601975.XSHG,2023-03-01,-0.13999999999999968
002635.XSHE,2023-03-01,-1.1300000000000097
002022.XSHE,2023-03-01,-3.5
688220.XSHG,2023-03-01,-0.9000000000000057
300658.XSHE,2023-03-01,-0.23999999999999844
300015.XSHE,2023-03-01,-12.720000000000027
002553.XSHE,2023-03-01,-1.990000000000009
002562.XSHE,2023-03-01,-0.269999999999996
688321.XSHG,2023-03-01,-0.4800000000000004
000531.XSHE,2023-03-01,-1.289999999999992
000880.XSHE,2023-03-01,-0.7000000000000028
688222.XSHG,2023-03-01,-0.17999999999999972
600868.XSHG,2023-03-01,-1.7999999999999972
603035.XSHG,2023-03-01,-0.17999999999999972
688597.XSHG,2023-03-01,-0.17999999999999972
002480.XSHE,2023-03-01,-1.1099999999999994
600729.XSHG,2023-03-01,-0.4000000000000057
000967.XSHE,2023-03-01,-0.16000000000000014
603339.XSHG,2023-03-01,-0.13000000000000256
002435.XSHE,2023-03-01,-0.4700000000000024
002558.XSHE,2023-03-01,-1.3300000000000054
600810.XSHG,2023-03-01,-0.3399999999999963
603516.XSHG,2023-03-01,-2.5899999999999963
600269.XSHG,2023-03-01,-0.38000000000000256
603661.XSHG,2023-03-01,-0.8100000000000023
002381.XSHE,2023-03-01,-0.240000000000002
603000.XSHG,2023-03-01,-3.6400000000000006
300423.XSHE,2023-03-01,-0.6400000000000006
603050.XSHG,2023-03-01,-0.23999999999999844
688486.XSHG,2023-03-01,-5.099999999999994
300190.XSHE,2023-03-01,-0.6900000000000048
603618.XSHG,2023-03-01,-0.16000000000000014
002340.XSHE,2023-03-01,-2.8700000000000045
600278.XSHG,2023-03-01,-0.08999999999999986
000627.XSHE,2023-03-01,-1.460000000000008
603626.XSHG,2023-03-01,-0.259999999999998
300599.XSHE,2023-03-01,-0.1399999999999988
688590.XSHG,2023-03-01,-0.9200000000000017
000089.XSHE,2023-03-01,-0.36999999999999744
002211.XSHE,2023-03-01,-0.07999999999999918
002285.XSHE,2023-03-01,-0.4399999999999977
603088.XSHG,2023-03-01,-0.6799999999999997
002342.XSHE,2023-03-01,-0.16999999999999993
000155.XSHE,2023-03-01,-0.2099999999999973
002374.XSHE,2023-03-01,-0.20000000000000284
301285.XSHE,2023-03-01,-0.3199999999999985
301107.XSHE,2023-03-01,-0.7199999999999989
300149.XSHE,2023-03-01,-0.6599999999999966
603983.XSHG,2023-03-01,-1.1499999999999986
600706.XSHG,2023-03-01,-0.4200000000000017
001219.XSHE,2023-03-01,-0.3400000000000034
002574.XSHE,2023-03-01,-0.4400000000000013
300742.XSHE,2023-03-01,-0.8300000000000018
600959.XSHG,2023-03-01,-0.1200000000000001
002570.XSHE,2023-03-01,-0.13000000000000078
000791.XSHE,2023-03-01,-0.120000000000001
301280.XSHE,2023-03-01,-0.3999999999999986
600901.XSHG,2023-03-01,-0.0699999999999994
603599.XSHG,2023-03-01,-1.6099999999999994
688025.XSHG,2023-03-01,-1.6000000000000014
000011.XSHE,2023-03-01,-0.769999999999996
002387.XSHE,2023-03-01,-0.35999999999999943
000915.XSHE,2023-03-01,-1.4099999999999966
000960.XSHE,2023-03-01,-1.9199999999999946
301219.XSHE,2023-03-01,-0.960000000000008
002016.XSHE,2023-03-01,-0.490000000000002
688114.XSHG,2023-03-01,-1.5300000000000011
600522.XSHG,2023-03-01,-1.289999999999992
001207.XSHE,2023-03-01,-0.18999999999999773
600663.XSHG,2023-03-01,-0.700000000000017
002158.XSHE,2023-03-01,-1.2800000000000011
600094.XSHG,2023-03-01,-0.06999999999999851
002036.XSHE,2023-03-01,-1.0
002879.XSHE,2023-03-01,-0.23999999999999844
300321.XSHE,2023-03-01,-0.29999999999999716
002065.XSHE,2023-03-01,-7.52000000000001
688070.XSHG,2023-03-01,-0.7800000000000011
603033.XSHG,2023-03-01,-0.5200000000000102
002633.XSHE,2023-03-01,-0.259999999999998
002900.XSHE,2023-03-01,-0.28999999999999915
603927.XSHG,2023-03-01,-2.0
001298.XSHE,2023-03-01,-0.4399999999999977
300591.XSHE,2023-03-01,-0.04999999999999982
688090.XSHG,2023-03-01,-0.8100000000000023
300651.XSHE,2023-03-01,-0.45000000000000284
300501.XSHE,2023-03-01,-1.9200000000000017
000936.XSHE,2023-03-01,-0.8000000000000043
002445.XSHE,2023-03-01,-0.35999999999999943
300529.XSHE,2023-03-01,-0.6299999999999955
300326.XSHE,2023-03-01,-0.5699999999999932
300105.XSHE,2023-03-01,-0.38000000000000256
000157.XSHE,2023-03-01,-9.57000000000005
600718.XSHG,2023-03-01,-7.819999999999993
300046.XSHE,2023-03-01,-1.710000000000008
688008.XSHG,2023-03-01,-0.9099999999999966
300141.XSHE,2023-03-01,-0.14000000000000057
600732.XSHG,2023-03-01,-1.6599999999999966
002391.XSHE,2023-03-01,-0.28999999999999915
600373.XSHG,2023-03-01,-1.1900000000000048
603809.XSHG,2023-03-01,-1.0300000000000011
600080.XSHG,2023-03-01,-0.9299999999999997
601866.XSHG,2023-03-01,-0.040000000000000036
002397.XSHE,2023-03-01,-0.5100000000000051
301200.XSHE,2023-03-01,-0.4099999999999966
688375.XSHG,2023-03-01,-2.530000000000001
000875.XSHE,2023-03-01,-0.05000000000000071
300789.XSHE,2023-03-01,-2.25
600722.XSHG,2023-03-01,-0.28999999999999915
300739.XSHE,2023-03-01,-0.9699999999999989
002255.XSHE,2023-03-01,-0.379999999999999
000551.XSHE,2023-03-01,-0.8599999999999994
688163.XSHG,2023-03-01,-0.6999999999999993
688152.XSHG,2023-03-01,-5.25
300267.XSHE,2023-03-01,-0.4099999999999966
002258.XSHE,2023-03-01,-0.3100000000000023
600026.XSHG,2023-03-01,-1.0899999999999999
000858.XSHE,2023-03-01,-83.33999999999969
000545.XSHE,2023-03-01,-0.3000000000000007
600330.XSHG,2023-03-01,-1.0900000000000034
301299.XSHE,2023-03-01,-2.229999999999997
000619.XSHE,2023-03-01,-0.5600000000000023
688311.XSHG,2023-03-01,-1.6700000000000017
688733.XSHG,2023-03-01,-0.6600000000000037
000566.XSHE,2023-03-01,-0.29999999999999716
603819.XSHG,2023-03-01,-0.14000000000000057
300258.XSHE,2023-03-01,-0.3100000000000023
000767.XSHE,2023-03-01,-0.21000000000000085
002911.XSHE,2023-03-01,-0.16000000000000014
300441.XSHE,2023-03-01,-0.5500000000000043
688169.XSHG,2023-03-01,-44.55000000000001
300373.XSHE,2023-03-01,-2.5200000000000387
688265.XSHG,2023-03-01,-0.3100000000000023
002982.XSHE,2023-03-01,-0.5600000000000023
603298.XSHG,2023-03-01,-0.4100000000000037
000001.XSHE,2023-03-01,-53.27999999999997
002138.XSHE,2023-03-01,-3.0999999999999943
301045.XSHE,2023-03-01,-0.33999999999999986
002783.XSHE,2023-03-01,-0.29999999999999716
002779.XSHE,2023-03-01,-0.3300000000000054
688566.XSHG,2023-03-01,-1.0899999999999963
300399.XSHE,2023-03-01,-1.620000000000001
300553.XSHE,2023-03-01,-1.9699999999999989
000573.XSHE,2023-03-01,-0.480000000000004
000554.XSHE,2023-03-01,-0.30000000000000426
600749.XSHG,2023-03-01,-0.18999999999999773
300415.XSHE,2023-03-01,-1.4300000000000068
002157.XSHE,2023-03-01,-0.8099999999999952
002866.XSHE,2023-03-01,-0.5900000000000034
300960.XSHE,2023-03-01,-0.5700000000000003
300117.XSHE,2023-03-01,-0.4800000000000004
002178.XSHE,2023-03-01,-1.3800000000000026
002528.XSHE,2023-03-01,-1.480000000000004
601059.XSHG,2023-03-01,-0.7099999999999973
603696.XSHG,2023-03-01,-0.370000000000001
002565.XSHE,2023-03-01,-0.4200000000000017
002287.XSHE,2023-03-01,-0.46999999999999886
300726.XSHE,2023-03-01,-0.6999999999999957
000938.XSHE,2023-03-01,-11.969999999999999
688047.XSHG,2023-03-01,-4.75
601226.XSHG,2023-03-01,-0.05999999999999872
002402.XSHE,2023-03-01,-3.4299999999999784
601058.XSHG,2023-03-01,-0.46999999999999886
600096.XSHG,2023-03-01,-0.5200000000000031
002261.XSHE,2023-03-01,-5.680000000000007
002627.XSHE,2023-03-01,-0.030000000000001137
300487.XSHE,2023-03-01,-14.470000000000027
600518.XSHG,2023-03-01,-0.480000000000004
688528.XSHG,2023-03-01,-0.1899999999999995
603499.XSHG,2023-03-01,-0.379999999999999
003016.XSHE,2023-03-01,-0.33000000000000007
603336.XSHG,2023-03-01,-0.1999999999999993
002599.XSHE,2023-03-01,-0.3099999999999987
300419.XSHE,2023-03-01,-2.0799999999999983
300051.XSHE,2023-03-01,-2.1400000000000006
603963.XSHG,2023-03-01,-0.3999999999999986
000659.XSHE,2023-03-01,-0.1700000000000017
301024.XSHE,2023-03-01,-0.6600000000000037
688488.XSHG,2023-03-01,-0.05000000000000071
002254.XSHE,2023-03-01,-2.5900000000000034
603379.XSHG,2023-03-01,-0.779999999999994
000009.XSHE,2023-03-01,-0.6999999999999886
603171.XSHG,2023-03-01,-1.0899999999999963
600136.XSHG,2023-03-01,-0.25
600857.XSHG,2023-03-01,-0.6899999999999977
300221.XSHE,2023-03-01,-0.5100000000000016
688197.XSHG,2023-03-01,-0.6000000000000014
301036.XSHE,2023-03-01,-0.46999999999999886
688178.XSHG,2023-03-01,-0.2699999999999996
688273.XSHG,2023-03-01,-0.44999999999999574
603665.XSHG,2023-03-01,-0.5900000000000034
301327.XSHE,2023-03-01,-0.4099999999999966
600382.XSHG,2023-03-01,-0.370000000000001
600198.XSHG,2023-03-01,-0.41999999999999993
301081.XSHE,2023-03-01,-0.0600000000000005
000622.XSHE,2023-03-01,-0.3100000000000023
600540.XSHG,2023-03-01,-0.14000000000000057
688503.XSHG,2023-03-01,-0.30000000000001137
603527.XSHG,2023-03-01,-0.3400000000000034
603211.XSHG,2023-03-01,-1.9600000000000009
000965.XSHE,2023-03-01,-0.28000000000000114
603985.XSHG,2023-03-01,-0.04000000000000625
688125.XSHG,2023-03-01,-1.009999999999998
603737.XSHG,2023-03-01,-19.980000000000018
603335.XSHG,2023-03-01,-0.10000000000000142
600506.XSHG,2023-03-01,-0.370000000000001
600426.XSHG,2023-03-01,-9.45999999999998
600777.XSHG,2023-03-01,-0.29999999999999716
300800.XSHE,2023-03-01,-0.3100000000000023
603121.XSHG,2023-03-01,-0.14000000000000057
603883.XSHG,2023-03-01,-0.23999999999999488
300666.XSHE,2023-03-01,-1.5999999999999943
688466.XSHG,2023-03-01,-0.6400000000000006
002490.XSHE,2023-03-01,-0.14000000000000057
600621.XSHG,2023-03-01,-64.72000000000025
688108.XSHG,2023-03-01,-0.0600000000000005
002489.XSHE,2023-03-01,-0.35999999999999943
002485.XSHE,2023-03-01,-0.08999999999999986
300496.XSHE,2023-03-01,-17.620000000000005
601139.XSHG,2023-03-01,-0.14999999999999858
603380.XSHG,2023-03-01,-0.7100000000000009
688371.XSHG,2023-03-01,-0.3099999999999987
000166.XSHE,2023-03-01,-0.08000000000000007
688660.XSHG,2023-03-01,-0.08000000000000007
002467.XSHE,2023-03-01,-2.6499999999999915
300504.XSHE,2023-03-01,-0.5599999999999987
600859.XSHG,2023-03-01,-0.45000000000000284
002274.XSHE,2023-03-01,-0.23999999999999844
600030.XSHG,2023-03-01,-2.2800000000000153
300475.XSHE,2023-03-01,-0.44999999999999574
300950.XSHE,2023-03-01,-0.39000000000000057
603718.XSHG,2023-03-01,-0.22999999999999687
600673.XSHG,2023-03-01,-0.710000000000008
000523.XSHE,2023-03-01,-0.3999999999999986
002089.XSHE,2023-03-01,0.0
002471.XSHE,2023-03-01,-0.28000000000000114
003027.XSHE,2023-03-01,-0.9200000000000017
300220.XSHE,2023-03-01,-2.0799999999999983
300268.XSHE,2023-03-01,-1.7899999999999991
301048.XSHE,2023-03-01,-0.2599999999999998
600072.XSHG,2023-03-01,-0.8100000000000023
600587.XSHG,2023-03-01,-1.75
688739.XSHG,2023-03-01,-0.11999999999999744
002301.XSHE,2023-03-01,-2.030000000000001
603803.XSHG,2023-03-01,-0.8699999999999992
688119.XSHG,2023-03-01,-0.11000000000000032
600833.XSHG,2023-03-01,-1.309999999999988
603386.XSHG,2023-03-01,-0.16999999999999815
603713.XSHG,2023-03-01,-0.44000000000001194
000638.XSHE,2023-03-01,-0.269999999999996
002945.XSHE,2023-03-01,-0.2699999999999996
600681.XSHG,2023-03-01,-0.0899999999999963
688107.XSHG,2023-03-01,-1.5
300512.XSHE,2023-03-01,-0.33999999999999986
603995.XSHG,2023-03-01,-0.6799999999999997
000672.XSHE,2023-03-01,-0.5
002027.XSHE,2023-03-01,-2.6799999999999926
688004.XSHG,2023-03-01,-5.710000000000001
601811.XSHG,2023-03-01,-0.20999999999999908
002454.XSHE,2023-03-01,-0.34999999999999787
603066.XSHG,2023-03-01,-0.6000000000000014
000856.XSHE,2023-03-01,-0.3100000000000023
600212.XSHG,2023-03-01,-0.25
300478.XSHE,2023-03-01,-0.3099999999999987
300673.XSHE,2023-03-01,-1.25
600756.XSHG,2023-03-01,-4.030000000000001
000897.XSHE,2023-03-01,-0.120000000000001
300272.XSHE,2023-03-01,-0.46999999999999886
002864.XSHE,2023-03-01,-0.7299999999999969
300129.XSHE,2023-03-01,-0.25
300201.XSHE,2023-03-01,-0.4299999999999997
000876.XSHE,2023-03-01,-1.6300000000000239
000600.XSHE,2023-03-01,-0.22000000000000597
600623.XSHG,2023-03-01,-1.829999999999984
300968.XSHE,2023-03-01,-0.15000000000000036
688377.XSHG,2023-03-01,-0.30999999999999517
000612.XSHE,2023-03-01,-1.0
002468.XSHE,2023-03-01,-0.2900000000000027
688577.XSHG,2023-03-01,-0.37999999999999545
600313.XSHG,2023-03-01,-0.4200000000000017
603360.XSHG,2023-03-01,-0.3500000000000014
603053.XSHG,2023-03-01,-0.03999999999999915
603683.XSHG,2023-03-01,-0.19000000000000128
600888.XSHG,2023-03-01,-1.769999999999996
002761.XSHE,2023-03-01,-0.6999999999999886
600629.XSHG,2023-03-01,-0.5300000000000011
600159.XSHG,2023-03-01,-0.09999999999999964
688686.XSHG,2023-03-01,-17.310000000000002
301233.XSHE,2023-03-01,-0.5999999999999943
000922.XSHE,2023-03-01,-0.3099999999999987
688669.XSHG,2023-03-01,-0.4400000000000013
300992.XSHE,2023-03-01,-0.17999999999999972
603967.XSHG,2023-03-01,-0.120000000000001
000976.XSHE,2023-03-01,-0.1899999999999995
002460.XSHE,2023-03-01,-10.100000000000023
002462.XSHE,2023-03-01,-0.07000000000000028
300005.XSHE,2023-03-01,-1.7000000000000028
002576.XSHE,2023-03-01,-1.0199999999999996
300020.XSHE,2023-03-01,-2.270000000000003
002373.XSHE,2023-03-01,-1.9299999999999997
300559.XSHE,2023-03-01,-2.740000000000002
600419.XSHG,2023-03-01,-0.7800000000000011
688126.XSHG,2023-03-01,-0.1999999999999993
603823.XSHG,2023-03-01,-0.21000000000000085
300600.XSHE,2023-03-01,-0.3299999999999983
603208.XSHG,2023-03-01,-1.2800000000000011
301046.XSHE,2023-03-01,-0.8000000000000043
300644.XSHE,2023-03-01,-0.5899999999999999
605128.XSHG,2023-03-01,-0.28999999999999915
600328.XSHG,2023-03-01,-0.519999999999996
601886.XSHG,2023-03-01,-0.21000000000000085
001338.XSHE,2023-03-01,-0.14000000000000057
002933.XSHE,2023-03-01,-0.5100000000000016
001333.XSHE,2023-03-01,-0.22000000000000242
601002.XSHG,2023-03-01,-0.05999999999999961
600063.XSHG,2023-03-01,-1.5499999999999972
000062.XSHE,2023-03-01,-1.7399999999999949
301053.XSHE,2023-03-01,-0.18999999999999773
002049.XSHE,2023-03-01,-8.840000000000032
600006.XSHG,2023-03-01,-0.23000000000000043
002788.XSHE,2023-03-01,-0.120000000000001
600939.XSHG,2023-03-01,-0.0699999999999994
601218.XSHG,2023-03-01,-0.09999999999999964
600177.XSHG,2023-03-01,-1.3199999999999932
000800.XSHE,2023-03-01,-0.379999999999999
603767.XSHG,2023-03-01,-0.05000000000000071
603928.XSHG,2023-03-01,-0.2599999999999998
688425.XSHG,2023-03-01,-0.14999999999999947
000910.XSHE,2023-03-01,-0.4800000000000004
000409.XSHE,2023-03-01,-0.5700000000000003
002948.XSHE,2023-03-01,-0.04999999999999982
002802.XSHE,2023-03-01,-0.1999999999999993
002973.XSHE,2023-03-01,-0.09999999999999964
600801.XSHG,2023-03-01,-0.8599999999999852
002128.XSHE,2023-03-01,-0.5799999999999983
603020.XSHG,2023-03-01,-0.1700000000000017
688382.XSHG,2023-03-01,-0.0799999999999983
002668.XSHE,2023-03-01,-0.45000000000000284
688553.XSHG,2023-03-01,-0.1700000000000017
600378.XSHG,2023-03-01,-3.6899999999999977
002759.XSHE,2023-03-01,-0.9100000000000037
000615.XSHE,2023-03-01,-1.3299999999999983
605500.XSHG,2023-03-01,-0.07000000000000028
688636.XSHG,2023-03-01,-0.5799999999999983
603505.XSHG,2023-03-01,-0.3100000000000023
300872.XSHE,2023-03-01,-0.7999999999999972
001209.XSHE,2023-03-01,-0.620000000000001
600305.XSHG,2023-03-01,-1.5000000000000142
600060.XSHG,2023-03-01,-1.7399999999999949
601016.XSHG,2023-03-01,-0.07000000000000028
603028.XSHG,2023-03-01,-0.5899999999999999
000700.XSHE,2023-03-01,-4.469999999999999
601028.XSHG,2023-03-01,-0.4799999999999969
603979.XSHG,2023-03-01,-2.1700000000000017
603758.XSHG,2023-03-01,-0.3200000000000003
002531.XSHE,2023-03-01,-1.4699999999999989
600668.XSHG,2023-03-01,-0.5100000000000051
300322.XSHE,2023-03-01,-2.1799999999999997
301063.XSHE,2023-03-01,-0.25
002429.XSHE,2023-03-01,-0.6200000000000045
002708.XSHE,2023-03-01,-0.28000000000000114
002778.XSHE,2023-03-01,-0.14000000000000057
600661.XSHG,2023-03-01,-1.8400000000000034
688165.XSHG,2023-03-01,-0.1899999999999995
688659.XSHG,2023-03-01,-0.41000000000000014
000815.XSHE,2023-03-01,-1.6099999999999994
300727.XSHE,2023-03-01,-1.1200000000000045
301033.XSHE,2023-03-01,-0.6200000000000045
300263.XSHE,2023-03-01,-2.0900000000000034
301002.XSHE,2023-03-01,-0.6899999999999977
002640.XSHE,2023-03-01,-0.490000000000002
301303.XSHE,2023-03-01,-0.07000000000000028
002865.XSHE,2023-03-01,-1.8199999999999932
002887.XSHE,2023-03-01,-0.4200000000000017
600864.XSHG,2023-03-01,-3.9200000000000017
601888.XSHG,2023-03-01,-2.3799999999999955
002872.XSHE,2023-03-01,-0.1800000000000015
002484.XSHE,2023-03-01,-3.1000000000000085
688323.XSHG,2023-03-01,-0.4700000000000024
002416.XSHE,2023-03-01,-0.5
003039.XSHE,2023-03-01,-0.14000000000000057
300955.XSHE,2023-03-01,-0.46000000000000085
301041.XSHE,2023-03-01,-0.5700000000000003
002105.XSHE,2023-03-01,-0.2400000000000002
603876.XSHG,2023-03-01,-0.14000000000000057
002842.XSHE,2023-03-01,-0.39000000000000057
600183.XSHG,2023-03-01,-5.360000000000014
300301.XSHE,2023-03-01,-0.16999999999999993
300219.XSHE,2023-03-01,-1.6500000000000057
300392.XSHE,2023-03-01,-0.4800000000000004
603081.XSHG,2023-03-01,-0.120000000000001
000883.XSHE,2023-03-01,-0.05999999999999872
002567.XSHE,2023-03-01,-0.36999999999999744
300565.XSHE,2023-03-01,-1.009999999999998
601577.XSHG,2023-03-01,-0.06999999999999851
300620.XSHE,2023-03-01,-1.960000000000008
600502.XSHG,2023-03-01,-1.539999999999992
300862.XSHE,2023-03-01,-0.7899999999999991
300075.XSHE,2023-03-01,-11.400000000000006
000729.XSHE,2023-03-01,-2.75
300870.XSHE,2023-03-01,-0.45000000000000284
002005.XSHE,2023-03-01,-0.29999999999999893
600116.XSHG,2023-03-01,-0.6400000000000006
600604.XSHG,2023-03-01,-2.109999999999957
300430.XSHE,2023-03-01,-1.1699999999999946
300748.XSHE,2023-03-01,-0.6199999999999974
688189.XSHG,2023-03-01,-0.2099999999999973
002767.XSHE,2023-03-01,-0.33999999999999986
300674.XSHE,2023-03-01,-1.6600000000000001
688819.XSHG,2023-03-01,-0.28999999999999915
600439.XSHG,2023-03-01,-0.4799999999999969
002677.XSHE,2023-03-01,-1.6199999999999974
603799.XSHG,2023-03-01,-2.1200000000000045
600258.XSHG,2023-03-01,-0.8200000000000003
300508.XSHE,2023-03-01,-0.990000000000002
688171.XSHG,2023-03-01,-0.9899999999999984
002985.XSHE,2023-03-01,-0.539999999999992
000570.XSHE,2023-03-01,-0.35999999999999943
000918.XSHE,2023-03-01,-0.020000000000000462
603535.XSHG,2023-03-01,-0.21000000000000085
600887.XSHG,2023-03-01,-65.80999999999995
002148.XSHE,2023-03-01,-2.6400000000000006
688061.XSHG,2023-03-01,-0.7999999999999972
300945.XSHE,2023-03-01,-0.22999999999999865
603408.XSHG,2023-03-01,-0.10999999999999943
600558.XSHG,2023-03-01,-0.21999999999999886
002028.XSHE,2023-03-01,-3.6200000000000045
002987.XSHE,2023-03-01,-1.0899999999999963
300456.XSHE,2023-03-01,-1.2700000000000102
688200.XSHG,2023-03-01,-7.5400000000000205
300522.XSHE,2023-03-01,-1.240000000000002
688296.XSHG,2023-03-01,-1.1600000000000001
002096.XSHE,2023-03-01,-0.5399999999999991
300110.XSHE,2023-03-01,-0.22000000000000242
600338.XSHG,2023-03-01,-0.0899999999999963
000722.XSHE,2023-03-01,-0.5399999999999991
000517.XSHE,2023-03-01,-0.46999999999999886
601311.XSHG,2023-03-01,-0.21000000000000085
601727.XSHG,2023-03-01,-0.020000000000000462
001314.XSHE,2023-03-01,-0.37999999999999545
603882.XSHG,2023-03-01,-0.6000000000000085
601567.XSHG,2023-03-01,-0.21000000000000796
000413.XSHE,2023-03-01,-0.14000000000000057
600353.XSHG,2023-03-01,-2.0500000000000114
603725.XSHG,2023-03-01,-0.08999999999999986
600271.XSHG,2023-03-01,-0.789999999999992
603859.XSHG,2023-03-01,-1.0900000000000034
688400.XSHG,2023-03-01,-1.3299999999999983
000533.XSHE,2023-03-01,-0.08999999999999986
002624.XSHE,2023-03-01,-1.5
002925.XSHE,2023-03-01,-0.490000000000002
000004.XSHE,2023-03-01,-1.1200000000000045
300741.XSHE,2023-03-01,-0.14000000000000057
600169.XSHG,2023-03-01,-0.5100000000000016
688121.XSHG,2023-03-01,-1.1499999999999986
688159.XSHG,2023-03-01,-0.5799999999999983
300123.XSHE,2023-03-01,-0.3100000000000023
600200.XSHG,2023-03-01,-1.1099999999999994
002760.XSHE,2023-03-01,-0.4800000000000004
603568.XSHG,2023-03-01,-0.21999999999999886
688129.XSHG,2023-03-01,-0.33999999999999986
300458.XSHE,2023-03-01,-3.509999999999991
002051.XSHE,2023-03-01,-0.980000000000004
002508.XSHE,2023-03-01,-6.719999999999999
603999.XSHG,2023-03-01,-0.7399999999999984
688259.XSHG,2023-03-01,-1.8299999999999983
603855.XSHG,2023-03-01,-0.620000000000001
600488.XSHG,2023-03-01,-0.14000000000000057
600152.XSHG,2023-03-01,-0.22000000000000597
300386.XSHE,2023-03-01,-1.990000000000002
603536.XSHG,2023-03-01,-0.3099999999999987
000709.XSHE,2023-03-01,-0.21999999999999886
000993.XSHE,2023-03-01,-0.129999999999999
600032.XSHG,2023-03-01,-0.0600000000000005
603810.XSHG,2023-03-01,-0.6999999999999957
002655.XSHE,2023-03-01,-0.9699999999999989
600403.XSHG,2023-03-01,-0.10999999999999943
601878.XSHG,2023-03-01,-0.1800000000000015
605208.XSHG,2023-03-01,-0.3500000000000014
605077.XSHG,2023-03-01,-0.22000000000000597
600977.XSHG,2023-03-01,-0.05000000000000071
603048.XSHG,2023-03-01,-0.33999999999999986
000955.XSHE,2023-03-01,-0.22000000000000064
002530.XSHE,2023-03-01,-0.9400000000000013
301152.XSHE,2023-03-01,-0.779999999999994
002612.XSHE,2023-03-01,-2.0400000000000063
300893.XSHE,2023-03-01,-0.37000000000000455
002350.XSHE,2023-03-01,-1.1299999999999955
605178.XSHG,2023-03-01,-1.5
600185.XSHG,2023-03-01,-1.1600000000000108
300980.XSHE,2023-03-01,-0.34999999999999787
300136.XSHE,2023-03-01,-5.140000000000015
002465.XSHE,2023-03-01,-1.6000000000000085
002902.XSHE,2023-03-01,-0.6799999999999997
300473.XSHE,2023-03-01,-0.6500000000000021
000668.XSHE,2023-03-01,-0.46000000000000085
002347.XSHE,2023-03-01,-0.39000000000000057
301306.XSHE,2023-03-01,-2.1000000000000014
300540.XSHE,2023-03-01,-0.34999999999999787
002394.XSHE,2023-03-01,-0.4299999999999997
600236.XSHG,2023-03-01,-0.29999999999999716
001231.XSHE,2023-03-01,-0.19000000000000128
688335.XSHG,2023-03-01,-1.2100000000000009
601360.XSHG,2023-03-01,-1.3999999999999986
688376.XSHG,2023-03-01,-0.6000000000000014
300078.XSHE,2023-03-01,-2.539999999999992
002963.XSHE,2023-03-01,-0.09999999999999964
000917.XSHE,2023-03-01,-1.4299999999999997
300702.XSHE,2023-03-01,-0.14000000000000057
688585.XSHG,2023-03-01,-0.22000000000000064
300816.XSHE,2023-03-01,-0.5100000000000016
603719.XSHG,2023-03-01,-0.9600000000000009
600118.XSHG,2023-03-01,-28.299999999999955
301079.XSHE,2023-03-01,-0.370000000000001
002523.XSHE,2023-03-01,-0.3000000000000007
603222.XSHG,2023-03-01,-1.4599999999999973
002504.XSHE,2023-03-01,-0.07000000000000028
600650.XSHG,2023-03-01,-0.4000000000000057
300102.XSHE,2023-03-01,-1.5700000000000003
688616.XSHG,2023-03-01,-0.3800000000000008
603366.XSHG,2023-03-01,-0.1999999999999993
603555.XSHG,2023-03-01,-0.040000000000000036
300952.XSHE,2023-03-01,-0.3299999999999983
600521.XSHG,2023-03-01,-3.1299999999999955
300494.XSHE,2023-03-01,-1.8599999999999994
603608.XSHG,2023-03-01,-0.2699999999999996
000908.XSHE,2023-03-01,-0.08000000000000007
601187.XSHG,2023-03-01,-0.08999999999999986
601021.XSHG,2023-03-01,-3.3799999999999955
300690.XSHE,2023-03-01,-0.46000000000000085
000792.XSHE,2023-03-01,-1.9699999999999989
300238.XSHE,2023-03-01,-0.3299999999999983
002209.XSHE,2023-03-01,-0.33000000000000185
600265.XSHG,2023-03-01,-0.259999999999998
600880.XSHG,2023-03-01,-6.409999999999997
002591.XSHE,2023-03-01,-0.7699999999999996
000415.XSHE,2023-03-01,-0.6700000000000017
603786.XSHG,2023-03-01,-1.1800000000000068
603190.XSHG,2023-03-01,-0.4399999999999977
300018.XSHE,2023-03-01,-0.46000000000000085
002949.XSHE,2023-03-01,-0.629999999999999
300979.XSHE,2023-03-01,-2.0999999999999943
002487.XSHE,2023-03-01,-1.710000000000008
603978.XSHG,2023-03-01,-1.0399999999999991
688269.XSHG,2023-03-01,-1.710000000000008
300288.XSHE,2023-03-01,-4.719999999999999
002223.XSHE,2023-03-01,-2.3899999999999864
601827.XSHG,2023-03-01,-0.04999999999999982
300073.XSHE,2023-03-01,-2.4399999999999977
002206.XSHE,2023-03-01,-0.9100000000000108
000156.XSHE,2023-03-01,-0.46999999999999886
000685.XSHE,2023-03-01,-0.6299999999999955
002787.XSHE,2023-03-01,-0.39000000000000057
002965.XSHE,2023-03-01,-0.7899999999999991
300938.XSHE,2023-03-01,-1.7099999999999937
300797.XSHE,2023-03-01,-0.17999999999999972
300532.XSHE,2023-03-01,-1.1400000000000006
300183.XSHE,2023-03-01,-2.7099999999999937
301030.XSHE,2023-03-01,-0.4799999999999969
688798.XSHG,2023-03-01,-2.940000000000012
300928.XSHE,2023-03-01,-0.3499999999999943
002739.XSHE,2023-03-01,-0.519999999999996
300091.XSHE,2023-03-01,-0.6099999999999994
002664.XSHE,2023-03-01,-0.4399999999999977
600320.XSHG,2023-03-01,-0.5499999999999972
601865.XSHG,2023-03-01,-0.3999999999999986
600310.XSHG,2023-03-01,-0.3100000000000023
300687.XSHE,2023-03-01,-6.069999999999993
600187.XSHG,2023-03-01,-0.08999999999999986
301273.XSHE,2023-03-01,-0.39000000000000057
000788.XSHE,2023-03-01,-0.2699999999999996
002602.XSHE,2023-03-01,-1.1600000000000037
300383.XSHE,2023-03-01,-9.759999999999991
601298.XSHG,2023-03-01,-0.04999999999999982
301072.XSHE,2023-03-01,-0.28000000000000114
300595.XSHE,2023-03-01,-4.730000000000018
301091.XSHE,2023-03-01,-1.5799999999999983
301216.XSHE,2023-03-01,-0.25
688569.XSHG,2023-03-01,-0.3099999999999987
300969.XSHE,2023-03-01,-2.030000000000001
002849.XSHE,2023-03-01,-0.8099999999999952
002850.XSHE,2023-03-01,-4.6200000000000045
600248.XSHG,2023-03-01,-0.23999999999999844
301028.XSHE,2023-03-01,-0.4599999999999991
002058.XSHE,2023-03-01,-0.6900000000000013
300578.XSHE,2023-03-01,-2.740000000000002
300796.XSHE,2023-03-01,-0.38999999999999346
003816.XSHE,2023-03-01,-0.040000000000000036
603755.XSHG,2023-03-01,-0.28000000000000114
603908.XSHG,2023-03-01,-4.890000000000001
600876.XSHG,2023-03-01,-0.4400000000000013
688327.XSHG,2023-03-01,-2.240000000000002
688661.XSHG,2023-03-01,-4.63000000000001
600249.XSHG,2023-03-01,-0.2699999999999996
002444.XSHE,2023-03-01,-1.3599999999999994
300304.XSHE,2023-03-01,-1.3400000000000034
301040.XSHE,2023-03-01,-0.4400000000000013
002607.XSHE,2023-03-01,-0.8299999999999983
002024.XSHE,2023-03-01,-1.7600000000000193
300930.XSHE,2023-03-01,-0.35999999999999943
301102.XSHE,2023-03-01,-1.0300000000000011
301301.XSHE,2023-03-01,-0.10000000000000142
600500.XSHG,2023-03-01,-0.3399999999999963
000623.XSHE,2023-03-01,-3.1200000000000045
601390.XSHG,2023-03-01,-0.2400000000000002
300356.XSHE,2023-03-01,-0.3500000000000014
603261.XSHG,2023-03-01,-0.8100000000000023
603388.XSHG,2023-03-01,-2.4800000000000004
601868.XSHG,2023-03-01,-0.06999999999999984
300316.XSHE,2023-03-01,-5.190000000000055
300343.XSHE,2023-03-01,-1.5199999999999818
300338.XSHE,2023-03-01,-0.08999999999999986
301229.XSHE,2023-03-01,-0.370000000000001
688080.XSHG,2023-03-01,-3.1000000000000014
688608.XSHG,2023-03-01,-1.9399999999999977
002997.XSHE,2023-03-01,-0.6899999999999977
603235.XSHG,2023-03-01,-0.46000000000000085
601137.XSHG,2023-03-01,-0.519999999999996
688505.XSHG,2023-03-01,-0.09999999999999964
002327.XSHE,2023-03-01,-0.7000000000000028
600242.XSHG,2023-03-01,-0.09000000000000008
002218.XSHE,2023-03-01,-0.509999999999998
000753.XSHE,2023-03-01,-0.4399999999999977
300828.XSHE,2023-03-01,-0.4499999999999993
301313.XSHE,2023-03-01,-1.4299999999999997
603685.XSHG,2023-03-01,-0.23000000000000043
300757.XSHE,2023-03-01,-0.8200000000000074
002598.XSHE,2023-03-01,-0.5799999999999983
600210.XSHG,2023-03-01,-0.259999999999998
002661.XSHE,2023-03-01,-0.6099999999999994
002103.XSHE,2023-03-01,-0.28000000000000114
301265.XSHE,2023-03-01,-0.129999999999999
600266.XSHG,2023-03-01,-0.20000000000000284
002722.XSHE,2023-03-01,-0.5799999999999983
688776.XSHG,2023-03-01,-3.759999999999991
002537.XSHE,2023-03-01,-1.0300000000000011
300608.XSHE,2023-03-01,-1.9099999999999966
300191.XSHE,2023-03-01,-0.7399999999999949
300167.XSHE,2023-03-01,-1.6799999999999997
300911.XSHE,2023-03-01,-3.480000000000004
300997.XSHE,2023-03-01,-0.15000000000000036
600420.XSHG,2023-03-01,-0.46000000000000796
300434.XSHE,2023-03-01,-0.480000000000004
688306.XSHG,2023-03-01,-0.08000000000000007
688550.XSHG,2023-03-01,-1.3299999999999983
300876.XSHE,2023-03-01,-0.2900000000000027
600232.XSHG,2023-03-01,-0.2799999999999976
688513.XSHG,2023-03-01,-0.7199999999999989
688161.XSHG,2023-03-01,-0.6400000000000006
002060.XSHE,2023-03-01,-0.0400000000000027
300172.XSHE,2023-03-01,-0.28999999999999915
003028.XSHE,2023-03-01,-1.3299999999999983
002696.XSHE,2023-03-01,-0.33000000000000185
002821.XSHE,2023-03-01,-5.8799999999999955
600505.XSHG,2023-03-01,-0.23000000000000043
301358.XSHE,2023-03-01,-0.6999999999999957
600132.XSHG,2023-03-01,-16.799999999999955
002478.XSHE,2023-03-01,-0.20000000000000284
300562.XSHE,2023-03-01,-0.29000000000000625
002960.XSHE,2023-03-01,-0.5200000000000031
300708.XSHE,2023-03-01,-0.4200000000000017
603109.XSHG,2023-03-01,-0.240000000000002
603198.XSHG,2023-03-01,-0.5899999999999892
688322.XSHG,2023-03-01,-1.4800000000000004
600834.XSHG,2023-03-01,-0.519999999999996
600455.XSHG,2023-03-01,-1.1000000000000014
605378.XSHG,2023-03-01,-0.40000000000000213
300471.XSHE,2023-03-01,-1.1800000000000068
600428.XSHG,2023-03-01,-1.1000000000000014
300802.XSHE,2023-03-01,-2.980000000000004
300878.XSHE,2023-03-01,-0.3299999999999983
000400.XSHE,2023-03-01,-2.549999999999983
601238.XSHG,2023-03-01,-0.34999999999999787
601100.XSHG,2023-03-01,-6.97999999999999
600340.XSHG,2023-03-01,-0.4899999999999949
300577.XSHE,2023-03-01,-0.5700000000000003
002611.XSHE,2023-03-01,-0.2100000000000044
301388.XSHE,2023-03-01,-0.509999999999998
300378.XSHE,2023-03-01,-2.3599999999999994
688184.XSHG,2023-03-01,-0.259999999999998
300778.XSHE,2023-03-01,-0.48999999999999844
301061.XSHE,2023-03-01,-0.8000000000000043
002279.XSHE,2023-03-01,-3.200000000000003
002789.XSHE,2023-03-01,-0.3099999999999987
600230.XSHG,2023-03-01,-0.30000000000000426
605180.XSHG,2023-03-01,-0.5100000000000016
600916.XSHG,2023-03-01,-0.10999999999999943
300497.XSHE,2023-03-01,-0.2400000000000091
688337.XSHG,2023-03-01,-3.450000000000003
002777.XSHE,2023-03-01,-4.25
603856.XSHG,2023-03-01,-0.23000000000000043
600843.XSHG,2023-03-01,-0.20000000000000107
600418.XSHG,2023-03-01,-1.6500000000000057
603486.XSHG,2023-03-01,-5.170000000000002
002922.XSHE,2023-03-01,-0.3999999999999986
301000.XSHE,2023-03-01,-0.5700000000000003
605228.XSHG,2023-03-01,-0.17999999999999972
688128.XSHG,2023-03-01,-0.5200000000000031
301077.XSHE,2023-03-01,-0.5200000000000031
688345.XSHG,2023-03-01,-0.9399999999999977
688123.XSHG,2023-03-01,-1.9399999999999977
000541.XSHE,2023-03-01,-2.200000000000017
600012.XSHG,2023-03-01,-0.5600000000000023
601366.XSHG,2023-03-01,-0.03000000000000025
000537.XSHE,2023-03-01,-0.7399999999999949
600113.XSHG,2023-03-01,-0.39000000000000057
300428.XSHE,2023-03-01,-2.0700000000000074
002663.XSHE,2023-03-01,-0.25
002813.XSHE,2023-03-01,-0.6199999999999974
300713.XSHE,2023-03-01,-1.25
300946.XSHE,2023-03-01,-0.9299999999999997
603138.XSHG,2023-03-01,-2.9299999999999926
300483.XSHE,2023-03-01,-0.16000000000000014
603158.XSHG,2023-03-01,-0.5399999999999991
300859.XSHE,2023-03-01,-0.629999999999999
601106.XSHG,2023-03-01,-0.029999999999999805
002476.XSHE,2023-03-01,-0.10000000000000142
603813.XSHG,2023-03-01,-0.16000000000000014
688093.XSHG,2023-03-01,-0.2700000000000031
603888.XSHG,2023-03-01,-1.7100000000000009
605499.XSHG,2023-03-01,-5.800000000000011
688143.XSHG,2023-03-01,-0.39000000000000057
002632.XSHE,2023-03-01,-0.9299999999999997
603948.XSHG,2023-03-01,-0.259999999999998
600489.XSHG,2023-03-01,-0.12999999999999545
600130.XSHG,2023-03-01,-0.9000000000000021
002750.XSHE,2023-03-01,-1.039999999999992
000926.XSHE,2023-03-01,-0.14000000000000057
002324.XSHE,2023-03-01,-2.210000000000008
301101.XSHE,2023-03-01,-1.1599999999999966
688435.XSHG,2023-03-01,-3.7700000000000102
600630.XSHG,2023-03-01,-0.19000000000000128
600433.XSHG,2023-03-01,-0.7199999999999989
603708.XSHG,2023-03-01,-0.129999999999999
605488.XSHG,2023-03-01,-0.17999999999999972
688515.XSHG,2023-03-01,-2.319999999999993
000426.XSHE,2023-03-01,-1.1899999999999977
603239.XSHG,2023-03-01,-1.8200000000000074
000803.XSHE,2023-03-01,-1.0499999999999972
600297.XSHG,2023-03-01,-0.0600000000000005
603002.XSHG,2023-03-01,-0.10000000000000142
300851.XSHE,2023-03-01,-0.8099999999999987
000912.XSHE,2023-03-01,-0.08999999999999986
603118.XSHG,2023-03-01,-0.46999999999999886
603444.XSHG,2023-03-01,-21.91999999999996
603863.XSHG,2023-03-01,-0.2599999999999998
603630.XSHG,2023-03-01,-0.17999999999999972
300377.XSHE,2023-03-01,-3.4399999999999977
600983.XSHG,2023-03-01,-0.1999999999999993
002329.XSHE,2023-03-01,-0.240000000000002
300247.XSHE,2023-03-01,-0.45000000000000284
300755.XSHE,2023-03-01,-1.1099999999999994
300896.XSHE,2023-03-01,-25.410000000000082
301151.XSHE,2023-03-01,-0.23000000000000043
688401.XSHG,2023-03-01,-0.259999999999998
300920.XSHE,2023-03-01,-0.16000000000000014
002003.XSHE,2023-03-01,-2.5700000000000216
300194.XSHE,2023-03-01,-0.129999999999999
000933.XSHE,2023-03-01,-6.810000000000002
300706.XSHE,2023-03-01,-0.9299999999999997
301019.XSHE,2023-03-01,-0.41999999999999815
688276.XSHG,2023-03-01,-0.6400000000000006
001210.XSHE,2023-03-01,-0.21999999999999886
002092.XSHE,2023-03-01,-0.45000000000000284
300510.XSHE,2023-03-01,-0.13000000000000256
000608.XSHE,2023-03-01,-0.3499999999999943
000900.XSHE,2023-03-01,-0.4299999999999997
300549.XSHE,2023-03-01,-0.2900000000000027
002510.XSHE,2023-03-01,-0.21999999999999886
601778.XSHG,2023-03-01,-0.040000000000000036
605166.XSHG,2023-03-01,-0.15000000000000036
603355.XSHG,2023-03-01,-0.6099999999999994
300819.XSHE,2023-03-01,-0.23000000000000043
688326.XSHG,2023-03-01,-3.0700000000000216
002159.XSHE,2023-03-01,-0.120000000000001
301268.XSHE,2023-03-01,-0.75
600389.XSHG,2023-03-01,-1.170000000000016
688138.XSHG,2023-03-01,-0.28999999999999915
600719.XSHG,2023-03-01,-0.2799999999999976
688066.XSHG,2023-03-01,-5.719999999999999
600919.XSHG,2023-03-01,-0.08999999999999986
688272.XSHG,2023-03-01,-0.41000000000000014
002579.XSHE,2023-03-01,-0.8800000000000026
003042.XSHE,2023-03-01,-0.6499999999999986
301057.XSHE,2023-03-01,-0.060000000000002274
600422.XSHG,2023-03-01,-7.800000000000011
688778.XSHG,2023-03-01,-0.7999999999999972
600095.XSHG,2023-03-01,-1.740000000000002
600071.XSHG,2023-03-01,-1.9599999999999937
688181.XSHG,2023-03-01,-0.6499999999999986
600299.XSHG,2023-03-01,-0.129999999999999
688355.XSHG,2023-03-01,-1.8599999999999994
300730.XSHE,2023-03-01,-1.269999999999996
001236.XSHE,2023-03-01,-0.379999999999999
600182.XSHG,2023-03-01,-0.1700000000000017
000652.XSHE,2023-03-01,-0.8299999999999983
600375.XSHG,2023-03-01,-0.14999999999999858
301163.XSHE,2023-03-01,-0.4599999999999973
000830.XSHE,2023-03-01,-0.7400000000000091
301089.XSHE,2023-03-01,-0.6899999999999977
688179.XSHG,2023-03-01,-0.4799999999999969
688333.XSHG,2023-03-01,-2.25
002221.XSHE,2023-03-01,-0.22000000000000597
301196.XSHE,2023-03-01,-0.30000000000000426
002031.XSHE,2023-03-01,-1.4799999999999969
002755.XSHE,2023-03-01,-0.35999999999999943
600874.XSHG,2023-03-01,-0.08999999999999986
002382.XSHE,2023-03-01,-0.3999999999999986
300626.XSHE,2023-03-01,-0.2699999999999996
603686.XSHG,2023-03-01,-0.6799999999999997
688579.XSHG,2023-03-01,-1.3499999999999996
603776.XSHG,2023-03-01,-2.0600000000000023
000670.XSHE,2023-03-01,-2.200000000000003
300716.XSHE,2023-03-01,-0.5500000000000007
300107.XSHE,2023-03-01,-0.5799999999999983
002154.XSHE,2023-03-01,-1.5100000000000051
002751.XSHE,2023-03-01,-0.4900000000000002
603322.XSHG,2023-03-01,-2.1700000000000017
000027.XSHE,2023-03-01,-0.9200000000000159
600761.XSHG,2023-03-01,-4.319999999999993
688258.XSHG,2023-03-01,-4.460000000000001
002231.XSHE,2023-03-01,-0.7100000000000009
002871.XSHE,2023-03-01,-0.6899999999999977
301011.XSHE,2023-03-01,-0.6299999999999955
000677.XSHE,2023-03-01,-0.9200000000000017
688018.XSHG,2023-03-01,-2.760000000000005
603887.XSHG,2023-03-01,-0.4800000000000004
605333.XSHG,2023-03-01,-0.16999999999999815
300897.XSHE,2023-03-01,-0.28999999999999915
300628.XSHE,2023-03-01,-33.569999999999936
002035.XSHE,2023-03-01,-0.5099999999999909
300147.XSHE,2023-03-01,-0.2600000000000051
600128.XSHG,2023-03-01,-0.22000000000000242
688310.XSHG,2023-03-01,-0.980000000000004
002681.XSHE,2023-03-01,-1.2700000000000031
688316.XSHG,2023-03-01,-1.8100000000000023
002644.XSHE,2023-03-01,-0.45000000000000284
688598.XSHG,2023-03-01,-0.9300000000000068
600697.XSHG,2023-03-01,-0.3299999999999983
603182.XSHG,2023-03-01,-0.16000000000000014
000538.XSHE,2023-03-01,-16.12000000000012
000761.XSHE,2023-03-01,-0.2599999999999998
601997.XSHG,2023-03-01,-0.02000000000000135
002889.XSHE,2023-03-01,-0.3100000000000023
000969.XSHE,2023-03-01,-1.1499999999999986
002482.XSHE,2023-03-01,-0.25
000977.XSHE,2023-03-01,-29.680000000000007
300021.XSHE,2023-03-01,-0.21999999999999886
000536.XSHE,2023-03-01,-0.15000000000000036
300913.XSHE,2023-03-01,-0.860000000000003
605296.XSHG,2023-03-01,-0.25
300848.XSHE,2023-03-01,-2.9099999999999966
300654.XSHE,2023-03-01,-0.990000000000002
301010.XSHE,2023-03-01,-0.3099999999999987
000028.XSHE,2023-03-01,-3.740000000000009
300223.XSHE,2023-03-01,-3.6500000000000057
603268.XSHG,2023-03-01,-0.16000000000000014
600031.XSHG,2023-03-01,-35.48000000000002
688681.XSHG,2023-03-01,-0.6000000000000014
000008.XSHE,2023-03-01,-0.8100000000000023
300124.XSHE,2023-03-01,-29.029999999999973
002398.XSHE,2023-03-01,-0.44999999999999574
600262.XSHG,2023-03-01,-0.13000000000000256
688116.XSHG,2023-03-01,-1.0900000000000034
300180.XSHE,2023-03-01,-0.5700000000000003
000997.XSHE,2023-03-01,-4.349999999999994
002952.XSHE,2023-03-01,-1.2000000000000028
605099.XSHG,2023-03-01,-0.129999999999999
002232.XSHE,2023-03-01,-1.9500000000000028
300991.XSHE,2023-03-01,-1.370000000000001
002363.XSHE,2023-03-01,-0.41999999999999815
300165.XSHE,2023-03-01,-0.6700000000000017
300640.XSHE,2023-03-01,-0.33999999999999986
688596.XSHG,2023-03-01,-0.27999999999999403
688786.XSHG,2023-03-01,-0.25
600351.XSHG,2023-03-01,-0.45000000000000284
002192.XSHE,2023-03-01,-3.3899999999999864
600665.XSHG,2023-03-01,-0.10999999999999943
002355.XSHE,2023-03-01,-0.3100000000000005
600362.XSHG,2023-03-01,-0.8699999999999974
000962.XSHE,2023-03-01,-0.9100000000000037
000581.XSHE,2023-03-01,-4.300000000000011
300636.XSHE,2023-03-01,-0.779999999999994
600774.XSHG,2023-03-01,-0.9100000000000108
605177.XSHG,2023-03-01,-0.28999999999999915
002109.XSHE,2023-03-01,-0.14999999999999858
300503.XSHE,2023-03-01,-0.5899999999999999
002578.XSHE,2023-03-01,-0.26000000000000156
301192.XSHE,2023-03-01,-0.3500000000000014
301238.XSHE,2023-03-01,-0.5600000000000023
301189.XSHE,2023-03-01,-0.620000000000001
603013.XSHG,2023-03-01,-0.08999999999999986
603185.XSHG,2023-03-01,-2.8600000000000136
002353.XSHE,2023-03-01,-2.569999999999993
600805.XSHG,2023-03-01,-0.37000000000000455
002797.XSHE,2023-03-01,-0.13000000000000078
000732.XSHE,2023-03-01,-0.08000000000000007
000905.XSHE,2023-03-01,-0.15000000000000213
002388.XSHE,2023-03-01,-1.2300000000000004
002622.XSHE,2023-03-01,-0.23000000000000043
603589.XSHG,2023-03-01,-1.1199999999999903
002546.XSHE,2023-03-01,-0.4200000000000017
002034.XSHE,2023-03-01,-0.8099999999999881
600293.XSHG,2023-03-01,-0.09999999999999964
300311.XSHE,2023-03-01,-1.8399999999999963
600850.XSHG,2023-03-01,-6.069999999999993
001256.XSHE,2023-03-01,-0.23999999999999844
600053.XSHG,2023-03-01,-0.519999999999996
688456.XSHG,2023-03-01,-0.17999999999999972
600048.XSHG,2023-03-01,-3.569999999999993
003035.XSHE,2023-03-01,-0.07000000000000028
002600.XSHE,2023-03-01,-0.6000000000000014
603929.XSHG,2023-03-01,-0.35999999999999943
002942.XSHE,2023-03-01,-0.21000000000000085
300699.XSHE,2023-03-01,-0.9500000000000028
002334.XSHE,2023-03-01,-2.740000000000009
600448.XSHG,2023-03-01,-0.07000000000000028
603311.XSHG,2023-03-01,-0.20000000000000107
300034.XSHE,2023-03-01,-0.0800000000000125
301380.XSHE,2023-03-01,-1.490000000000002
601528.XSHG,2023-03-01,-0.1200000000000001
000626.XSHE,2023-03-01,-0.5300000000000011
002962.XSHE,2023-03-01,-1.2100000000000009
003002.XSHE,2023-03-01,-0.490000000000002
002690.XSHE,2023-03-01,-2.3899999999999864
300611.XSHE,2023-03-01,-0.3299999999999983
002357.XSHE,2023-03-01,-0.39000000000000057
600421.XSHG,2023-03-01,-0.4400000000000013
688205.XSHG,2023-03-01,-1.7199999999999989
603112.XSHG,2023-03-01,-0.08999999999999986
002916.XSHE,2023-03-01,-3.490000000000009
603501.XSHG,2023-03-01,-1.3400000000000034
603915.XSHG,2023-03-01,-1.5
002346.XSHE,2023-03-01,-0.509999999999998
300054.XSHE,2023-03-01,-6.310000000000002
002038.XSHE,2023-03-01,-1.539999999999992
300026.XSHE,2023-03-01,-4.400000000000034
002527.XSHE,2023-03-01,-0.16999999999999815
300139.XSHE,2023-03-01,-1.0300000000000011
600882.XSHG,2023-03-01,-2.6000000000000085
002883.XSHE,2023-03-01,-0.8299999999999983
600383.XSHG,2023-03-01,-4.069999999999993
301339.XSHE,2023-03-01,-0.4299999999999997
603609.XSHG,2023-03-01,-0.16999999999999815
600694.XSHG,2023-03-01,-1.3200000000000074
300662.XSHE,2023-03-01,-0.519999999999996
603816.XSHG,2023-03-01,-3.730000000000004
688011.XSHG,2023-03-01,-0.6500000000000021
688210.XSHG,2023-03-01,-1.8499999999999943
300917.XSHE,2023-03-01,-0.8299999999999983
600872.XSHG,2023-03-01,-7.449999999999989
600525.XSHG,2023-03-01,-0.9000000000000057
300648.XSHE,2023-03-01,-4.75
002176.XSHE,2023-03-01,-2.1999999999999886
600551.XSHG,2023-03-01,-0.8500000000000014
002652.XSHE,2023-03-01,-0.35999999999999943
300857.XSHE,2023-03-01,-0.759999999999998
688192.XSHG,2023-03-01,-0.3400000000000034
605056.XSHG,2023-03-01,-0.20000000000000107
300048.XSHE,2023-03-01,-0.5
000703.XSHE,2023-03-01,-0.20000000000000284
603085.XSHG,2023-03-01,-0.4199999999999946
688082.XSHG,2023-03-01,-1.0499999999999972
688381.XSHG,2023-03-01,-0.12999999999999545
600436.XSHG,2023-03-01,-38.90000000000009
000603.XSHE,2023-03-01,-0.29999999999999716
300700.XSHE,2023-03-01,-0.7899999999999991
000503.XSHE,2023-03-01,-4.280000000000001
002903.XSHE,2023-03-01,-3.0700000000000003
688113.XSHG,2023-03-01,-1.2100000000000009
601766.XSHG,2023-03-01,-0.14000000000000057
002101.XSHE,2023-03-01,-1.7099999999999937
002406.XSHE,2023-03-01,-1.7300000000000004
688231.XSHG,2023-03-01,-0.23999999999999488
600166.XSHG,2023-03-01,-1.0499999999999972
002901.XSHE,2023-03-01,-0.4799999999999969
603393.XSHG,2023-03-01,-0.18999999999999773
601985.XSHG,2023-03-01,-0.20000000000000018
600259.XSHG,2023-03-01,-1.1600000000000037
600860.XSHG,2023-03-01,-0.33999999999999986
000733.XSHE,2023-03-01,-1.2099999999999795
000561.XSHE,2023-03-01,-0.7899999999999991
601615.XSHG,2023-03-01,-0.41000000000000014
002503.XSHE,2023-03-01,-0.37999999999999545
000657.XSHE,2023-03-01,-0.5999999999999943
600638.XSHG,2023-03-01,-0.8299999999999983
300443.XSHE,2023-03-01,-2.0999999999999943
600507.XSHG,2023-03-01,-0.5
000710.XSHE,2023-03-01,-0.46000000000000085
601958.XSHG,2023-03-01,-0.22000000000000242
688019.XSHG,2023-03-01,-7.319999999999993
603116.XSHG,2023-03-01,-0.07000000000000028
603131.XSHG,2023-03-01,-4.590000000000003
002645.XSHE,2023-03-01,-1.4300000000000068
002506.XSHE,2023-03-01,-0.28999999999999915
300348.XSHE,2023-03-01,-5.02000000000001
300135.XSHE,2023-03-01,-0.5
603919.XSHG,2023-03-01,-0.35999999999999943
601789.XSHG,2023-03-01,-0.2599999999999998
600133.XSHG,2023-03-01,-0.3099999999999987
000656.XSHE,2023-03-01,-0.1399999999999988
300775.XSHE,2023-03-01,-0.44999999999999574
300255.XSHE,2023-03-01,-0.23999999999999488
300890.XSHE,2023-03-01,-1.0499999999999972
600705.XSHG,2023-03-01,-2.080000000000041
688037.XSHG,2023-03-01,-10.420000000000016
002907.XSHE,2023-03-01,-0.1999999999999993
301131.XSHE,2023-03-01,-0.28000000000000114
603001.XSHG,2023-03-01,-0.09999999999999964
002188.XSHE,2023-03-01,-0.1899999999999995
002017.XSHE,2023-03-01,-3.549999999999997
300627.XSHE,2023-03-01,-8.469999999999999
300265.XSHE,2023-03-01,-0.259999999999998
002375.XSHE,2023-03-01,-1.7199999999999989
688281.XSHG,2023-03-01,-8.45999999999998
603087.XSHG,2023-03-01,-0.9799999999999969
001300.XSHE,2023-03-01,-0.10000000000000142
002121.XSHE,2023-03-01,-4.350000000000023
300506.XSHE,2023-03-01,-0.28999999999999915
600112.XSHG,2023-03-01,-0.9299999999999997
301297.XSHE,2023-03-01,-0.35999999999999943
601717.XSHG,2023-03-01,-1.5
601995.XSHG,2023-03-01,-0.4899999999999949
300606.XSHE,2023-03-01,-0.23000000000000043
300958.XSHE,2023-03-01,-0.13999999999999702
600811.XSHG,2023-03-01,-0.3200000000000003
605007.XSHG,2023-03-01,-0.240000000000002
002620.XSHE,2023-03-01,-0.36999999999999744
300694.XSHE,2023-03-01,-0.20000000000000107
003020.XSHE,2023-03-01,-1.3400000000000034
688071.XSHG,2023-03-01,-1.2000000000000028
600879.XSHG,2023-03-01,-3.650000000000034
600863.XSHG,2023-03-01,-0.4000000000000057
688209.XSHG,2023-03-01,-0.5400000000000027
002838.XSHE,2023-03-01,-0.7000000000000028
001301.XSHE,2023-03-01,-0.5099999999999909
301226.XSHE,2023-03-01,-0.4099999999999966
688262.XSHG,2023-03-01,-3.1399999999999935
002066.XSHE,2023-03-01,-0.6700000000000017
002920.XSHE,2023-03-01,-1.5799999999999983
002741.XSHE,2023-03-01,-1.230000000000004
603565.XSHG,2023-03-01,-0.17999999999999972
688555.XSHG,2023-03-01,-0.8300000000000001
603777.XSHG,2023-03-01,-0.3200000000000003
600127.XSHG,2023-03-01,-0.29999999999999716
001336.XSHE,2023-03-01,-0.3099999999999987
605136.XSHG,2023-03-01,-0.29999999999999893
000544.XSHE,2023-03-01,-0.0799999999999983
300873.XSHE,2023-03-01,-0.8100000000000023
300561.XSHE,2023-03-01,-2.5400000000000063
000039.XSHE,2023-03-01,-1.4899999999999523
601138.XSHG,2023-03-01,-0.3800000000000008
002440.XSHE,2023-03-01,-0.3300000000000054
001267.XSHE,2023-03-01,-0.11000000000000032
002912.XSHE,2023-03-01,-6.260000000000005
002195.XSHE,2023-03-01,-2.410000000000011
002088.XSHE,2023-03-01,-0.3499999999999943
300230.XSHE,2023-03-01,-0.4299999999999997
300197.XSHE,2023-03-01,-1.259999999999991
300619.XSHE,2023-03-01,-0.4199999999999875
300363.XSHE,2023-03-01,-1.2699999999999818
000850.XSHE,2023-03-01,-0.0899999999999963
002564.XSHE,2023-03-01,-0.23000000000000043
603299.XSHG,2023-03-01,-0.08999999999999986
300618.XSHE,2023-03-01,-0.6400000000000006
600098.XSHG,2023-03-01,-0.23000000000000398
301137.XSHE,2023-03-01,-0.15000000000000036
300426.XSHE,2023-03-01,-0.9100000000000037
688356.XSHG,2023-03-01,-1.8700000000000045
301176.XSHE,2023-03-01,-0.19000000000000128
688533.XSHG,2023-03-01,-0.44999999999999574
600498.XSHG,2023-03-01,-2.0400000000000063
001215.XSHE,2023-03-01,-1.0699999999999932
002006.XSHE,2023-03-01,-1.0800000000000125
002124.XSHE,2023-03-01,-0.3299999999999983
300834.XSHE,2023-03-01,-0.25
002918.XSHE,2023-03-01,-3.719999999999999
300607.XSHE,2023-03-01,-1.8700000000000045
603808.XSHG,2023-03-01,-0.14000000000000057
688622.XSHG,2023-03-01,-0.39000000000000057
688589.XSHG,2023-03-01,-0.5799999999999983
002556.XSHE,2023-03-01,-0.6799999999999997
605009.XSHG,2023-03-01,-1.3700000000000045
600992.XSHG,2023-03-01,-0.46000000000000085
603717.XSHG,2023-03-01,-0.08000000000000007
603551.XSHG,2023-03-01,-0.07000000000000028
300795.XSHE,2023-03-01,-0.730000000000004
300065.XSHE,2023-03-01,-3.6899999999999977
301100.XSHE,2023-03-01,-0.16000000000000014
600545.XSHG,2023-03-01,-0.16999999999999993
002337.XSHE,2023-03-01,-0.41999999999999815
300729.XSHE,2023-03-01,-0.36999999999999744
000996.XSHE,2023-03-01,-0.40000000000000213
002408.XSHE,2023-03-01,-0.17999999999999972
300613.XSHE,2023-03-01,-18.75
301148.XSHE,2023-03-01,-0.3999999999999986
600743.XSHG,2023-03-01,-0.6599999999999966
603159.XSHG,2023-03-01,-0.33999999999999986
003029.XSHE,2023-03-01,-1.2299999999999969
300910.XSHE,2023-03-01,-1.5899999999999892
300933.XSHE,2023-03-01,-0.08000000000000007
300293.XSHE,2023-03-01,-0.759999999999998
300984.XSHE,2023-03-01,-0.3300000000000054
688285.XSHG,2023-03-01,-0.3800000000000008
300086.XSHE,2023-03-01,-0.6400000000000006
301186.XSHE,2023-03-01,-0.6799999999999997
600641.XSHG,2023-03-01,-32.76999999999998
688021.XSHG,2023-03-01,-0.6700000000000017
688299.XSHG,2023-03-01,-0.5199999999999996
688475.XSHG,2023-03-01,-1.0999999999999943
603100.XSHG,2023-03-01,-0.769999999999996
600290.XSHG,2023-03-01,-0.20999999999999908
002466.XSHE,2023-03-01,-6.840000000000032
301256.XSHE,2023-03-01,-0.08999999999999986
688480.XSHG,2023-03-01,-0.6999999999999993
000048.XSHE,2023-03-01,-0.5600000000000023
002919.XSHE,2023-03-01,-1.3499999999999943
300043.XSHE,2023-03-01,-2.950000000000003
600329.XSHG,2023-03-01,-0.6500000000000057
002294.XSHE,2023-03-01,-2.9699999999999704
603012.XSHG,2023-03-01,-0.16999999999999993
603727.XSHG,2023-03-01,-0.11000000000000121
002793.XSHE,2023-03-01,-0.3200000000000003
002638.XSHE,2023-03-01,-0.25
300177.XSHE,2023-03-01,-1.7199999999999989
603025.XSHG,2023-03-01,-1.0799999999999983
603189.XSHG,2023-03-01,-1.5899999999999999
300956.XSHE,2023-03-01,-0.5400000000000027
002542.XSHE,2023-03-01,-0.9399999999999977
603822.XSHG,2023-03-01,-0.75
000419.XSHE,2023-03-01,-1.2999999999999972
002237.XSHE,2023-03-01,-0.75
300990.XSHE,2023-03-01,-0.9399999999999977
000697.XSHE,2023-03-01,-0.23000000000000043
300760.XSHE,2023-03-01,-5.639999999999986
301016.XSHE,2023-03-01,-0.240000000000002
601011.XSHG,2023-03-01,-0.09999999999999964
600548.XSHG,2023-03-01,-0.19000000000000128
603019.XSHG,2023-03-01,-9.849999999999994
603690.XSHG,2023-03-01,-0.46000000000000085
002033.XSHE,2023-03-01,-1.0699999999999932
002597.XSHE,2023-03-01,-2.0200000000000102
000632.XSHE,2023-03-01,-0.22999999999999687
605003.XSHG,2023-03-01,-0.36999999999999744
688338.XSHG,2023-03-01,-1.6199999999999974
603056.XSHG,2023-03-01,-0.08999999999999986
002041.XSHE,2023-03-01,-0.8199999999999932
002203.XSHE,2023-03-01,-0.38000000000000256
601127.XSHG,2023-03-01,-1.8400000000000034
601965.XSHG,2023-03-01,-0.6499999999999986
603605.XSHG,2023-03-01,-2.1899999999999977
688099.XSHG,2023-03-01,-0.5100000000000051
600739.XSHG,2023-03-01,-5.020000000000039
601086.XSHG,2023-03-01,-0.019999999999999574
688253.XSHG,2023-03-01,-1.8599999999999994
688081.XSHG,2023-03-01,-0.870000000000001
002515.XSHE,2023-03-01,-0.21999999999999886
688118.XSHG,2023-03-01,-1.1900000000000013
603106.XSHG,2023-03-01,-0.8300000000000001
300818.XSHE,2023-03-01,-0.2600000000000051
002372.XSHE,2023-03-01,-2.4099999999999966
002928.XSHE,2023-03-01,-0.370000000000001
300462.XSHE,2023-03-01,-0.7399999999999984
300686.XSHE,2023-03-01,-0.3999999999999986
301188.XSHE,2023-03-01,-0.08999999999999986
603122.XSHG,2023-03-01,-0.2400000000000002
688307.XSHG,2023-03-01,-0.9799999999999969
300814.XSHE,2023-03-01,-0.5299999999999976
300181.XSHE,2023-03-01,-1.3599999999999994
603903.XSHG,2023-03-01,-0.370000000000001
688131.XSHG,2023-03-01,-3.799999999999983
603439.XSHG,2023-03-01,-0.35999999999999943
001260.XSHE,2023-03-01,-0.6300000000000026
601918.XSHG,2023-03-01,-0.09999999999999964
000521.XSHE,2023-03-01,-0.28999999999999915
300303.XSHE,2023-03-01,-1.6200000000000045
605167.XSHG,2023-03-01,-0.14000000000000057
300062.XSHE,2023-03-01,-0.5399999999999991
603578.XSHG,2023-03-01,-0.33000000000000185
000416.XSHE,2023-03-01,-0.3999999999999986
002052.XSHE,2023-03-01,-0.41000000000000014
002012.XSHE,2023-03-01,-0.5799999999999983
600388.XSHG,2023-03-01,-0.7199999999999989
603098.XSHG,2023-03-01,-0.5200000000000031
603256.XSHG,2023-03-01,-0.27999999999999936
601117.XSHG,2023-03-01,-0.2699999999999996
002828.XSHE,2023-03-01,-0.120000000000001
300240.XSHE,2023-03-01,-0.3999999999999986
301017.XSHE,2023-03-01,-0.370000000000001
002085.XSHE,2023-03-01,-0.8699999999999974
603636.XSHG,2023-03-01,-5.329999999999998
601777.XSHG,2023-03-01,-0.03000000000000025
002488.XSHE,2023-03-01,-0.30999999999999517
603139.XSHG,2023-03-01,-0.05000000000000071
688687.XSHG,2023-03-01,-0.35999999999999943
688600.XSHG,2023-03-01,-0.6000000000000014
601689.XSHG,2023-03-01,-1.019999999999996
603236.XSHG,2023-03-01,-12.419999999999987
603103.XSHG,2023-03-01,-0.40000000000000213
603105.XSHG,2023-03-01,-0.4299999999999997
603680.XSHG,2023-03-01,-0.09999999999999787
002521.XSHE,2023-03-01,-0.240000000000002
600121.XSHG,2023-03-01,-0.23999999999999844
002829.XSHE,2023-03-01,-2.3299999999999983
301080.XSHE,2023-03-01,-0.3499999999999943
603269.XSHG,2023-03-01,-0.6600000000000001
688439.XSHG,2023-03-01,-2.5800000000000125
688032.XSHG,2023-03-01,-2.8199999999999363
002229.XSHE,2023-03-01,-0.37000000000000455
688267.XSHG,2023-03-01,-0.259999999999998
002917.XSHE,2023-03-01,-0.4700000000000024
002691.XSHE,2023-03-01,-0.11999999999999922
688312.XSHG,2023-03-01,-0.41999999999999815
300344.XSHE,2023-03-01,-2.3299999999999983
300152.XSHE,2023-03-01,-0.41000000000000014
600306.XSHG,2023-03-01,-0.5
002300.XSHE,2023-03-01,-0.759999999999998
603968.XSHG,2023-03-01,-0.38000000000000256
600191.XSHG,2023-03-01,-0.17999999999999972
600077.XSHG,2023-03-01,-0.259999999999998
002959.XSHE,2023-03-01,-0.9099999999999966
301300.XSHE,2023-03-01,-0.4200000000000017
605566.XSHG,2023-03-01,-0.13000000000000256
688317.XSHG,2023-03-01,-0.3500000000000014
002414.XSHE,2023-03-01,-2.0700000000000216
002281.XSHE,2023-03-01,-2.549999999999997
300971.XSHE,2023-03-01,-0.4499999999999993
300676.XSHE,2023-03-01,-0.9699999999999989
002077.XSHE,2023-03-01,-0.2799999999999976
603280.XSHG,2023-03-01,-0.379999999999999
603991.XSHG,2023-03-01,-1.009999999999998
000488.XSHE,2023-03-01,-0.7800000000000011
300563.XSHE,2023-03-01,-2.219999999999999
600051.XSHG,2023-03-01,-0.3399999999999963
688147.XSHG,2023-03-01,-0.4200000000000017
002705.XSHE,2023-03-01,-0.4799999999999969
002081.XSHE,2023-03-01,-0.910000000000025
002588.XSHE,2023-03-01,-0.490000000000002
603223.XSHG,2023-03-01,-0.0799999999999983
600075.XSHG,2023-03-01,-0.5399999999999991
000837.XSHE,2023-03-01,-0.8900000000000006
300414.XSHE,2023-03-01,-0.6200000000000045
002074.XSHE,2023-03-01,-1.9000000000000057
001201.XSHE,2023-03-01,-0.5499999999999972
000928.XSHE,2023-03-01,-0.5299999999999976
300740.XSHE,2023-03-01,-0.7700000000000031
600644.XSHG,2023-03-01,-1.0499999999999972
601858.XSHG,2023-03-01,-1.1099999999999994
301150.XSHE,2023-03-01,-1.3000000000000114
000637.XSHE,2023-03-01,-1.3699999999999903
603688.XSHG,2023-03-01,-2.2700000000000102
002905.XSHE,2023-03-01,-0.19000000000000128
301120.XSHE,2023-03-01,-0.4400000000000013
301128.XSHE,2023-03-01,-0.17999999999999972
600070.XSHG,2023-03-01,-1.1000000000000085
000972.XSHE,2023-03-01,-0.35999999999999943
300429.XSHE,2023-03-01,-0.7900000000000063
601860.XSHG,2023-03-01,-0.03000000000000025
688187.XSHG,2023-03-01,-0.5999999999999943
603939.XSHG,2023-03-01,-1.0600000000000023
002244.XSHE,2023-03-01,-0.7700000000000102
301239.XSHE,2023-03-01,-0.1700000000000017
300621.XSHE,2023-03-01,-0.7400000000000002
600717.XSHG,2023-03-01,-0.6499999999999773
600463.XSHG,2023-03-01,-0.41000000000000014
001230.XSHE,2023-03-01,-0.14000000000000057
301309.XSHE,2023-03-01,-0.28000000000000114
301318.XSHE,2023-03-01,-4.420000000000002
688567.XSHG,2023-03-01,-0.10000000000000142
688350.XSHG,2023-03-01,-0.16999999999999815
600619.XSHG,2023-03-01,-1.7200000000000273
300962.XSHE,2023-03-01,-0.1999999999999993
600339.XSHG,2023-03-01,-0.21000000000000085
300410.XSHE,2023-03-01,-0.5399999999999991
002295.XSHE,2023-03-01,-0.23000000000000043
688251.XSHG,2023-03-01,-0.6499999999999986
000516.XSHE,2023-03-01,-2.660000000000082
002860.XSHE,2023-03-01,-1.4500000000000028
300571.XSHE,2023-03-01,-6.219999999999999
300590.XSHE,2023-03-01,-2.480000000000004
600365.XSHG,2023-03-01,-0.05000000000000071
002857.XSHE,2023-03-01,-0.16000000000000014
600746.XSHG,2023-03-01,-0.5699999999999932
600180.XSHG,2023-03-01,-0.2699999999999996
600216.XSHG,2023-03-01,-0.5100000000000051
603200.XSHG,2023-03-01,-1.7999999999999972
688556.XSHG,2023-03-01,-0.480000000000004
000957.XSHE,2023-03-01,-0.5700000000000003
600309.XSHG,2023-03-01,-25.009999999999764
000783.XSHE,2023-03-01,-0.259999999999998
300109.XSHE,2023-03-01,-0.5
300761.XSHE,2023-03-01,-0.6700000000000017
300334.XSHE,2023-03-01,-0.3100000000000005
600689.XSHG,2023-03-01,-0.3000000000000007
603518.XSHG,2023-03-01,-0.2599999999999998
002165.XSHE,2023-03-01,-0.3100000000000023
301103.XSHE,2023-03-01,-0.4399999999999977
688207.XSHG,2023-03-01,-2.1099999999999994
688370.XSHG,2023-03-01,-0.4099999999999966
301260.XSHE,2023-03-01,-0.5899999999999963
300625.XSHE,2023-03-01,-0.13000000000000078
688305.XSHG,2023-03-01,-1.4299999999999926
600603.XSHG,2023-03-01,-9.240000000000009
002044.XSHE,2023-03-01,-2.6199999999999974
688522.XSHG,2023-03-01,-5.399999999999999
300358.XSHE,2023-03-01,-0.7999999999999972
001222.XSHE,2023-03-01,-0.41999999999999815
688701.XSHG,2023-03-01,-0.1899999999999995
000887.XSHE,2023-03-01,-4.589999999999975
002536.XSHE,2023-03-01,-0.6900000000000048
600569.XSHG,2023-03-01,-0.05999999999999961
002931.XSHE,2023-03-01,-0.33000000000000185
300033.XSHE,2023-03-01,-72.52999999999997
300366.XSHE,2023-03-01,-2.4299999999999926
002830.XSHE,2023-03-01,-0.620000000000001
600547.XSHG,2023-03-01,-3.080000000000041
000525.XSHE,2023-03-01,-0.46999999999999886
688100.XSHG,2023-03-01,-0.3299999999999983
688799.XSHG,2023-03-01,-0.22999999999999687
300081.XSHE,2023-03-01,-2.690000000000005
002286.XSHE,2023-03-01,-0.39000000000000057
300003.XSHE,2023-03-01,-0.3100000000000023
300389.XSHE,2023-03-01,-0.28000000000000114
300594.XSHE,2023-03-01,-0.379999999999999
600830.XSHG,2023-03-01,-0.44999999999998863
603115.XSHG,2023-03-01,-0.379999999999999
001317.XSHE,2023-03-01,-0.3400000000000034
002742.XSHE,2023-03-01,-0.08999999999999986
300390.XSHE,2023-03-01,-3.9500000000000455
300650.XSHE,2023-03-01,-0.980000000000004
002610.XSHE,2023-03-01,-0.38000000000000256
300422.XSHE,2023-03-01,-0.25
600350.XSHG,2023-03-01,-0.04999999999999716
688768.XSHG,2023-03-01,-6.380000000000024
002976.XSHE,2023-03-01,-0.509999999999998
002512.XSHE,2023-03-01,-0.8299999999999983
000042.XSHE,2023-03-01,-0.8000000000000114
300825.XSHE,2023-03-01,-0.23000000000000043
002646.XSHE,2023-03-01,-0.19000000000000128
603639.XSHG,2023-03-01,-0.7199999999999989
301283.XSHE,2023-03-01,-0.6799999999999997
002799.XSHE,2023-03-01,-0.38000000000000256
002249.XSHE,2023-03-01,-0.8799999999999955
002534.XSHE,2023-03-01,-0.29999999999999716
600300.XSHG,2023-03-01,-0.3000000000000007
688223.XSHG,2023-03-01,-0.030000000000001137
300264.XSHE,2023-03-01,-2.1900000000000013
605339.XSHG,2023-03-01,-0.45000000000000284
688711.XSHG,2023-03-01,-0.9399999999999977
002497.XSHE,2023-03-01,-1.1899999999999977
300939.XSHE,2023-03-01,-0.9699999999999989
601020.XSHG,2023-03-01,-0.28999999999999915
688039.XSHG,2023-03-01,-10.050000000000004
603396.XSHG,2023-03-01,-0.5
600605.XSHG,2023-03-01,-7.060000000000059
601799.XSHG,2023-03-01,-3.9499999999999886
000032.XSHE,2023-03-01,-9.64
605598.XSHG,2023-03-01,-1.4399999999999977
301162.XSHE,2023-03-01,-2.8900000000000006
603613.XSHG,2023-03-01,-1.7399999999999807
600162.XSHG,2023-03-01,-0.1700000000000017
688287.XSHG,2023-03-01,-0.21999999999999886
000620.XSHE,2023-03-01,-0.1899999999999995
600193.XSHG,2023-03-01,-0.5300000000000011
603169.XSHG,2023-03-01,-0.10999999999999943
300622.XSHE,2023-03-01,-1.9500000000000028
600624.XSHG,2023-03-01,-1.4899999999999949
000030.XSHE,2023-03-01,-0.07000000000000028
000731.XSHE,2023-03-01,-0.7400000000000091
000716.XSHE,2023-03-01,-1.2299999999999969
002204.XSHE,2023-03-01,-0.379999999999999
600611.XSHG,2023-03-01,-45.98000000000002
301093.XSHE,2023-03-01,-0.6000000000000014
600148.XSHG,2023-03-01,-0.3400000000000034
002969.XSHE,2023-03-01,-0.07000000000000028
300597.XSHE,2023-03-01,-1.1500000000000004
600298.XSHG,2023-03-01,-1.9099999999999682
300446.XSHE,2023-03-01,-1.3200000000000003
300207.XSHE,2023-03-01,-1.789999999999992
600497.XSHG,2023-03-01,-2.8900000000000006
301086.XSHE,2023-03-01,-1.3499999999999943
600219.XSHG,2023-03-01,-0.5899999999999999
688010.XSHG,2023-03-01,-0.4200000000000017
300347.XSHE,2023-03-01,-18.11999999999989
301029.XSHE,2023-03-01,-2.4000000000000057
002354.XSHE,2023-03-01,-0.7800000000000011
600714.XSHG,2023-03-01,-0.6099999999999994
300289.XSHE,2023-03-01,-0.13000000000000078
600523.XSHG,2023-03-01,-0.18999999999999773
300127.XSHE,2023-03-01,-0.8900000000000006
688722.XSHG,2023-03-01,-0.3400000000000034
000667.XSHE,2023-03-01,-0.259999999999998
000795.XSHE,2023-03-01,-0.39000000000000057
002233.XSHE,2023-03-01,-0.41000000000000014
300940.XSHE,2023-03-01,-0.41999999999999815
600381.XSHG,2023-03-01,-0.13000000000000078
000911.XSHE,2023-03-01,-0.08999999999999986
688027.XSHG,2023-03-01,-4.680000000000007
300111.XSHE,2023-03-01,-0.15000000000000036
002551.XSHE,2023-03-01,-0.4099999999999966
300983.XSHE,2023-03-01,-0.38000000000000256
000572.XSHE,2023-03-01,-0.3200000000000003
603063.XSHG,2023-03-01,-0.08999999999999986
688395.XSHG,2023-03-01,-0.21000000000000085
300030.XSHE,2023-03-01,-0.120000000000001
002693.XSHE,2023-03-01,-0.240000000000002
002299.XSHE,2023-03-01,-0.6000000000000014
002238.XSHE,2023-03-01,-2.1999999999999993
300866.XSHE,2023-03-01,-0.9399999999999977
600897.XSHG,2023-03-01,-0.1599999999999966
600960.XSHG,2023-03-01,-0.17999999999999972
002935.XSHE,2023-03-01,-1.2000000000000028
301117.XSHE,2023-03-01,-1.3799999999999955
300806.XSHE,2023-03-01,-0.2599999999999909
002331.XSHE,2023-03-01,-1.0799999999999983
688228.XSHG,2023-03-01,-2.8999999999999986
603183.XSHG,2023-03-01,-0.1999999999999993
301096.XSHE,2023-03-01,-0.5100000000000051
603338.XSHG,2023-03-01,-2.0500000000000114
300302.XSHE,2023-03-01,-1.9399999999999977
600073.XSHG,2023-03-01,-0.389999999999997
600158.XSHG,2023-03-01,-0.720000000000006
603363.XSHG,2023-03-01,-0.129999999999999
600377.XSHG,2023-03-01,-0.3000000000000007
300009.XSHE,2023-03-01,-1.1099999999999852
300438.XSHE,2023-03-01,-3.519999999999982
601116.XSHG,2023-03-01,-0.11000000000000121
002544.XSHE,2023-03-01,-2.299999999999983
000768.XSHE,2023-03-01,-2.9000000000000057
300314.XSHE,2023-03-01,-2.0
000736.XSHE,2023-03-01,-1.5900000000000034
300004.XSHE,2023-03-01,-0.16000000000000014
300763.XSHE,2023-03-01,-0.7199999999999136
601186.XSHG,2023-03-01,-0.2699999999999996
601952.XSHG,2023-03-01,-0.129999999999999
300169.XSHE,2023-03-01,-0.2400000000000002
600699.XSHG,2023-03-01,-0.9699999999999989
300398.XSHE,2023-03-01,-2.5700000000000074
688182.XSHG,2023-03-01,-1.2899999999999991
600283.XSHG,2023-03-01,-0.19000000000000128
002111.XSHE,2023-03-01,-0.15000000000000568
003005.XSHE,2023-03-01,-2.0600000000000023
300827.XSHE,2023-03-01,-3.280000000000001
605123.XSHG,2023-03-01,-3.3000000000000114
300082.XSHE,2023-03-01,-0.9099999999999966
300999.XSHE,2023-03-01,-1.0599999999999952
688565.XSHG,2023-03-01,-0.2699999999999996
000739.XSHE,2023-03-01,-4.96999999999997
002893.XSHE,2023-03-01,-0.120000000000001
605218.XSHG,2023-03-01,-0.33000000000000185
688001.XSHG,2023-03-01,-0.5800000000000054
603679.XSHG,2023-03-01,-0.23999999999999844
688387.XSHG,2023-03-01,-0.16999999999999993
000403.XSHE,2023-03-01,-1.039999999999992
300271.XSHE,2023-03-01,-2.8200000000000074
603701.XSHG,2023-03-01,-0.1799999999999926
002988.XSHE,2023-03-01,-0.04999999999999716
603766.XSHG,2023-03-01,-0.17999999999999972
603191.XSHG,2023-03-01,-0.3200000000000003
688601.XSHG,2023-03-01,-6.689999999999998
601900.XSHG,2023-03-01,-0.28000000000000114
603227.XSHG,2023-03-01,-0.2099999999999973
301270.XSHE,2023-03-01,-2.030000000000001
003030.XSHE,2023-03-01,-0.240000000000002
688055.XSHG,2023-03-01,-0.2400000000000002
688390.XSHG,2023-03-01,-1.9500000000000455
001330.XSHE,2023-03-01,-0.10999999999999943
688153.XSHG,2023-03-01,-0.9099999999999966
600759.XSHG,2023-03-01,-0.1399999999999988
688015.XSHG,2023-03-01,-0.6400000000000006
300903.XSHE,2023-03-01,-0.5499999999999972
688520.XSHG,2023-03-01,-0.5899999999999892
300008.XSHE,2023-03-01,-0.23000000000000398
300380.XSHE,2023-03-01,-4.32
300457.XSHE,2023-03-01,-1.9000000000000057
002507.XSHE,2023-03-01,-2.1999999999999886
600649.XSHG,2023-03-01,-0.45000000000000284
002475.XSHE,2023-03-01,-32.239999999999895
600733.XSHG,2023-03-01,-1.1499999999999986
300721.XSHE,2023-03-01,-0.30000000000000426
603221.XSHG,2023-03-01,-0.09999999999999964
300601.XSHE,2023-03-01,-0.789999999999992
600239.XSHG,2023-03-01,-0.37999999999999545
688332.XSHG,2023-03-01,-2.1499999999999986
300826.XSHE,2023-03-01,-0.7799999999999976
002046.XSHE,2023-03-01,-1.0600000000000023
603733.XSHG,2023-03-01,-0.0800000000000054
300921.XSHE,2023-03-01,-2.1799999999999997
688183.XSHG,2023-03-01,-0.2699999999999996
002150.XSHE,2023-03-01,-1.9800000000000182
300882.XSHE,2023-03-01,-0.3000000000000007
301212.XSHE,2023-03-01,-0.5
688689.XSHG,2023-03-01,-0.620000000000001
688120.XSHG,2023-03-01,-4.099999999999994
601328.XSHG,2023-03-01,-0.06999999999999851
000919.XSHE,2023-03-01,-0.4199999999999946
301279.XSHE,2023-03-01,-1.3000000000000007
600906.XSHG,2023-03-01,-0.120000000000001
600881.XSHG,2023-03-01,0.0
603129.XSHG,2023-03-01,-8.72999999999999
603997.XSHG,2023-03-01,-0.5100000000000016
600276.XSHG,2023-03-01,-38.00999999999976
002423.XSHE,2023-03-01,-0.1200000000000001
601126.XSHG,2023-03-01,-0.39000000000000057
300095.XSHE,2023-03-01,-0.45000000000000284
000423.XSHE,2023-03-01,-8.890000000000043
002543.XSHE,2023-03-01,-0.9500000000000028
300433.XSHE,2023-03-01,-1.2600000000000051
603043.XSHG,2023-03-01,-0.5599999999999952
688538.XSHG,2023-03-01,-0.020000000000000018
001255.XSHE,2023-03-01,-1.5399999999999991
002557.XSHE,2023-03-01,-1.4699999999999989
002007.XSHE,2023-03-01,-16.029999999999973
603658.XSHG,2023-03-01,-0.10000000000000853
300045.XSHE,2023-03-01,-1.9699999999999989
002343.XSHE,2023-03-01,-0.2900000000000027
688150.XSHG,2023-03-01,-0.7300000000000004
000006.XSHE,2023-03-01,-6.579999999999984
300813.XSHE,2023-03-01,-0.8299999999999983
300368.XSHE,2023-03-01,-2.3699999999999974
002656.XSHE,2023-03-01,-0.09999999999999964
600149.XSHG,2023-03-01,-0.26000000000000156
000005.XSHE,2023-03-01,-0.1999999999999993
002225.XSHE,2023-03-01,-0.019999999999999574
301158.XSHE,2023-03-01,-0.19000000000000128
600475.XSHG,2023-03-01,-0.4299999999999997
688663.XSHG,2023-03-01,-0.7800000000000011
002023.XSHE,2023-03-01,-1.3299999999999983
603278.XSHG,2023-03-01,-0.02999999999999936
301097.XSHE,2023-03-01,-0.4899999999999949
300596.XSHE,2023-03-01,-1.4699999999999989
300906.XSHE,2023-03-01,-0.3100000000000023
000025.XSHE,2023-03-01,-0.769999999999996
600841.XSHG,2023-03-01,-0.10999999999999943
600725.XSHG,2023-03-01,-0.41000000000000014
603399.XSHG,2023-03-01,-0.10000000000000142
688698.XSHG,2023-03-01,-0.33999999999999986
002967.XSHE,2023-03-01,-1.1799999999999997
300214.XSHE,2023-03-01,-0.10000000000000142
600190.XSHG,2023-03-01,-0.20999999999999908
002186.XSHE,2023-03-01,-1.0499999999999972
300505.XSHE,2023-03-01,-1.3299999999999983
300340.XSHE,2023-03-01,-3.6499999999999986
600572.XSHG,2023-03-01,-0.7900000000000063
603958.XSHG,2023-03-01,-0.16999999999999993
301015.XSHE,2023-03-01,-0.5600000000000023
002837.XSHE,2023-03-01,-4.090000000000003
600231.XSHG,2023-03-01,-0.36999999999999744
300160.XSHE,2023-03-01,-2.0700000000000003
300712.XSHE,2023-03-01,-1.1299999999999955
300782.XSHE,2023-03-01,-8.67999999999995
600828.XSHG,2023-03-01,-0.23999999999999488
688148.XSHG,2023-03-01,-0.03999999999999915
600018.XSHG,2023-03-01,-0.05000000000000071
601066.XSHG,2023-03-01,-0.40000000000000213
688668.XSHG,2023-03-01,-0.480000000000004
003043.XSHE,2023-03-01,-0.6900000000000048
603031.XSHG,2023-03-01,-0.6599999999999966
002836.XSHE,2023-03-01,-0.4800000000000004
605337.XSHG,2023-03-01,-0.6600000000000037
603901.XSHG,2023-03-01,-1.8799999999999955
000506.XSHE,2023-03-01,-0.11999999999999922
002078.XSHE,2023-03-01,-0.4399999999999977
600346.XSHG,2023-03-01,-0.9699999999999989
603619.XSHG,2023-03-01,-0.129999999999999
600480.XSHG,2023-03-01,-0.3299999999999983
688292.XSHG,2023-03-01,-5.669999999999998
002021.XSHE,2023-03-01,-0.19000000000000128
600163.XSHG,2023-03-01,-0.11999999999999922
300299.XSHE,2023-03-01,-1.8599999999999994
002519.XSHE,2023-03-01,-1.6100000000000065
002878.XSHE,2023-03-01,-1.7899999999999991
688560.XSHG,2023-03-01,-0.39000000000000057
688606.XSHG,2023-03-01,-0.8100000000000023
688485.XSHG,2023-03-01,-0.1700000000000017
000822.XSHE,2023-03-01,-0.19000000000000128
688234.XSHG,2023-03-01,-1.3700000000000045
605199.XSHG,2023-03-01,-0.3200000000000003
603629.XSHG,2023-03-01,-0.4299999999999997
301377.XSHE,2023-03-01,-0.46000000000000085
000959.XSHE,2023-03-01,-0.07000000000000028
300507.XSHE,2023-03-01,-1.0600000000000023
601939.XSHG,2023-03-01,-0.05000000000000071
600206.XSHG,2023-03-01,-2.229999999999997
603398.XSHG,2023-03-01,-0.6599999999999966
600107.XSHG,2023-03-01,-0.33999999999999986
002153.XSHE,2023-03-01,-23.870000000000005
300187.XSHE,2023-03-01,-0.4799999999999969
601158.XSHG,2023-03-01,-0.02000000000000135
688297.XSHG,2023-03-01,-0.720000000000006
001318.XSHE,2023-03-01,-0.22999999999999687
002271.XSHE,2023-03-01,-46.700000000000045
002399.XSHE,2023-03-01,-0.6799999999999997
300977.XSHE,2023-03-01,-4.539999999999999
600466.XSHG,2023-03-01,-0.15000000000000036
002726.XSHE,2023-03-01,-0.3299999999999983
300657.XSHE,2023-03-01,-0.3500000000000014
688348.XSHG,2023-03-01,-3.919999999999959
300317.XSHE,2023-03-01,-0.33999999999999986
300772.XSHE,2023-03-01,-0.5300000000000011
605138.XSHG,2023-03-01,-0.08000000000000007
000100.XSHE,2023-03-01,-0.20000000000000107
300821.XSHE,2023-03-01,-0.08999999999999986
600267.XSHG,2023-03-01,-0.20000000000000284
002228.XSHE,2023-03-01,-0.4200000000000017
688191.XSHG,2023-03-01,-0.45000000000000107
300116.XSHE,2023-03-01,-0.17999999999999972
300572.XSHE,2023-03-01,-0.28999999999999915
300605.XSHE,2023-03-01,-1.4200000000000017
300161.XSHE,2023-03-01,-1.2100000000000009
002110.XSHE,2023-03-01,-0.06999999999999851
600495.XSHG,2023-03-01,-0.22000000000000242
688633.XSHG,2023-03-01,-1.259999999999998
601009.XSHG,2023-03-01,-0.28999999999999915
301169.XSHE,2023-03-01,-2.260000000000005
603156.XSHG,2023-03-01,-0.6499999999999915
688777.XSHG,2023-03-01,-1.289999999999992
603533.XSHG,2023-03-01,-0.9300000000000033
600818.XSHG,2023-03-01,-0.6200000000000045
300259.XSHE,2023-03-01,-1.0599999999999952
300396.XSHE,2023-03-01,-1.3499999999999943
603309.XSHG,2023-03-01,-1.0
000070.XSHE,2023-03-01,-1.2199999999999989
300168.XSHE,2023-03-01,-5.329999999999998
300231.XSHE,2023-03-01,-5.450000000000003
300885.XSHE,2023-03-01,-0.8300000000000018
603055.XSHG,2023-03-01,-0.23999999999999844
688190.XSHG,2023-03-01,-3.0600000000000023
002958.XSHE,2023-03-01,-0.03000000000000025
600851.XSHG,2023-03-01,-0.9799999999999898
600653.XSHG,2023-03-01,-107.75
601702.XSHG,2023-03-01,-0.040000000000000924
688575.XSHG,2023-03-01,-0.09999999999999787
688607.XSHG,2023-03-01,-2.4200000000000017
300171.XSHE,2023-03-01,-1.7600000000000193
002151.XSHE,2023-03-01,-4.0400000000000205
605389.XSHG,2023-03-01,-0.8800000000000026
688510.XSHG,2023-03-01,-0.4399999999999977
300780.XSHE,2023-03-01,-0.129999999999999
301161.XSHE,2023-03-01,-1.3599999999999994
301282.XSHE,2023-03-01,-0.7000000000000028
600490.XSHG,2023-03-01,-0.4200000000000017
002781.XSHE,2023-03-01,-0.10999999999999988
300335.XSHE,2023-03-01,-0.17999999999999972
002241.XSHE,2023-03-01,-8.129999999999995
002589.XSHE,2023-03-01,-0.28000000000000114
002084.XSHE,2023-03-01,-0.1999999999999993
002106.XSHE,2023-03-01,-0.5799999999999983
600161.XSHG,2023-03-01,-2.5299999999999727
300099.XSHE,2023-03-01,-3.5
688230.XSHG,2023-03-01,-2.680000000000007
000002.XSHE,2023-03-01,-35.33999999999969
000417.XSHE,2023-03-01,-0.7600000000000051
002351.XSHE,2023-03-01,-2.030000000000001
300044.XSHE,2023-03-01,-1.5999999999999943
600710.XSHG,2023-03-01,-0.21000000000000085
601336.XSHG,2023-03-01,-1.5
301005.XSHE,2023-03-01,-0.37000000000000455
300481.XSHE,2023-03-01,-1.6299999999999955
600626.XSHG,2023-03-01,-0.46000000000000085
603663.XSHG,2023-03-01,-0.35999999999999943
600027.XSHG,2023-03-01,-0.129999999999999
000929.XSHE,2023-03-01,-0.46999999999999886
603155.XSHG,2023-03-01,-0.39000000000000057
002709.XSHE,2023-03-01,-3.089999999999918
600509.XSHG,2023-03-01,-0.25
000839.XSHE,2023-03-01,-0.5
600768.XSHG,2023-03-01,-0.5700000000000003
603637.XSHG,2023-03-01,-0.46000000000000085
603800.XSHG,2023-03-01,-0.259999999999998
688386.XSHG,2023-03-01,-0.7100000000000009
000408.XSHE,2023-03-01,-1.6999999999999886
688580.XSHG,2023-03-01,-2.489999999999995
300762.XSHE,2023-03-01,-1.970000000000006
300545.XSHE,2023-03-01,-0.39000000000000057
000676.XSHE,2023-03-01,-2.5500000000000114
300570.XSHE,2023-03-01,-3.8599999999999994
600867.XSHG,2023-03-01,-2.5500000000000114
603163.XSHG,2023-03-01,-0.46999999999999886
601595.XSHG,2023-03-01,-0.13000000000000078
605086.XSHG,2023-03-01,-0.22999999999999687
603320.XSHG,2023-03-01,-0.15000000000000213
603950.XSHG,2023-03-01,-0.23000000000000043
603569.XSHG,2023-03-01,-0.15999999999999837
688393.XSHG,2023-03-01,-0.14000000000000057
000848.XSHE,2023-03-01,-3.700000000000017
688193.XSHG,2023-03-01,-0.17999999999999972
603045.XSHG,2023-03-01,-0.360000000000003
601111.XSHG,2023-03-01,-0.28000000000000114
600938.XSHG,2023-03-01,-0.17999999999999972
300282.XSHE,2023-03-01,-0.17999999999999972
002896.XSHE,2023-03-01,-1.9499999999999957
300352.XSHE,2023-03-01,-3.6700000000000017
603519.XSHG,2023-03-01,-0.240000000000002
300324.XSHE,2023-03-01,-3.0
600820.XSHG,2023-03-01,-1.5500000000000114
688369.XSHG,2023-03-01,-2.760000000000005
301099.XSHE,2023-03-01,-0.7600000000000051
601728.XSHG,2023-03-01,-0.6399999999999997
000720.XSHE,2023-03-01,-0.28999999999999915
600941.XSHG,2023-03-01,-4.820000000000007
300279.XSHE,2023-03-01,-0.8100000000000023
300809.XSHE,2023-03-01,-0.7199999999999989
603011.XSHG,2023-03-01,-0.16999999999999815
002240.XSHE,2023-03-01,-0.6400000000000006
000786.XSHE,2023-03-01,-10.240000000000009
002446.XSHE,2023-03-01,-1.6899999999999977
300092.XSHE,2023-03-01,-1.1499999999999986
300357.XSHE,2023-03-01,-2.9499999999999886
002145.XSHE,2023-03-01,-0.4399999999999977
300610.XSHE,2023-03-01,-0.6999999999999993
601018.XSHG,2023-03-01,-0.009999999999999787
600854.XSHG,2023-03-01,-0.3200000000000003
603583.XSHG,2023-03-01,-0.9699999999999989
003017.XSHE,2023-03-01,-0.2700000000000031
688026.XSHG,2023-03-01,-0.3999999999999986
002411.XSHE,2023-03-01,-0.2099999999999973
300212.XSHE,2023-03-01,-26.689999999999998
300566.XSHE,2023-03-01,-0.46999999999999886
301175.XSHE,2023-03-01,-0.08000000000000007
000501.XSHE,2023-03-01,-0.5700000000000074
600135.XSHG,2023-03-01,-0.23999999999999844
688367.XSHG,2023-03-01,-0.41999999999999815
600327.XSHG,2023-03-01,-0.7099999999999937
688172.XSHG,2023-03-01,-0.240000000000002
600279.XSHG,2023-03-01,-0.10000000000000142
603385.XSHG,2023-03-01,-0.09999999999999964
600596.XSHG,2023-03-01,-1.6500000000000057
300402.XSHE,2023-03-01,-0.21999999999999886
601665.XSHG,2023-03-01,-0.04999999999999982
300923.XSHE,2023-03-01,-0.23999999999999844
603707.XSHG,2023-03-01,-0.6400000000000006
002200.XSHE,2023-03-01,-1.0199999999999996
002575.XSHE,2023-03-01,-0.6799999999999997
600979.XSHG,2023-03-01,-0.16000000000000014
688068.XSHG,2023-03-01,-0.4000000000000057
301237.XSHE,2023-03-01,-0.21999999999999886
605258.XSHG,2023-03-01,-0.6699999999999982
002929.XSHE,2023-03-01,-1.25
688499.XSHG,2023-03-01,-4.460000000000008
688318.XSHG,2023-03-01,-6.539999999999992
688509.XSHG,2023-03-01,-0.28000000000000025
603300.XSHG,2023-03-01,-0.5599999999999952
000036.XSHE,2023-03-01,-0.0899999999999963
002367.XSHE,2023-03-01,-1.0100000000000051
002009.XSHE,2023-03-01,-0.7600000000000051
600460.XSHG,2023-03-01,-8.069999999999993
603365.XSHG,2023-03-01,-0.21999999999999886
300232.XSHE,2023-03-01,-3.6899999999999977
601825.XSHG,2023-03-01,-0.040000000000000036
300964.XSHE,2023-03-01,-0.7799999999999976
688280.XSHG,2023-03-01,-0.1999999999999993
605033.XSHG,2023-03-01,-0.14999999999999858
000717.XSHE,2023-03-01,-0.2699999999999978
002030.XSHE,2023-03-01,-1.7699999999999818
301373.XSHE,2023-03-01,-0.4399999999999977
600877.XSHG,2023-03-01,-0.9299999999999926
603039.XSHG,2023-03-01,-2.2299999999999898
300672.XSHE,2023-03-01,-2.2299999999999898
300464.XSHE,2023-03-01,-0.25
002045.XSHE,2023-03-01,-7.75
002719.XSHE,2023-03-01,-0.9600000000000009
300947.XSHE,2023-03-01,-0.6700000000000017
600757.XSHG,2023-03-01,-1.0800000000000054
603123.XSHG,2023-03-01,-0.120000000000001
605368.XSHG,2023-03-01,-0.010000000000001563
002774.XSHE,2023-03-01,-0.08000000000000007
300208.XSHE,2023-03-01,-1.9599999999999937
688718.XSHG,2023-03-01,-0.370000000000001
002307.XSHE,2023-03-01,-0.6800000000000033
002004.XSHE,2023-03-01,-0.4300000000000068
688133.XSHG,2023-03-01,-0.6599999999999966
688536.XSHG,2023-03-01,-9.629999999999995
300926.XSHE,2023-03-01,-0.4200000000000017
688156.XSHG,2023-03-01,-0.25
002921.XSHE,2023-03-01,-0.29999999999999716
002625.XSHE,2023-03-01,-1.1400000000000006
002616.XSHE,2023-03-01,-0.9200000000000017
301217.XSHE,2023-03-01,-0.120000000000001
002087.XSHE,2023-03-01,-0.07000000000000028
603332.XSHG,2023-03-01,-0.3099999999999987
688058.XSHG,2023-03-01,-3.2099999999999937
300298.XSHE,2023-03-01,-2.0800000000000125
300579.XSHE,2023-03-01,-7.189999999999998
301206.XSHE,2023-03-01,-0.25
688286.XSHG,2023-03-01,-0.47000000000000597
600577.XSHG,2023-03-01,-1.2199999999999989
600797.XSHG,2023-03-01,-3.030000000000001
002418.XSHE,2023-03-01,-0.15000000000000036
603580.XSHG,2023-03-01,-0.490000000000002
300846.XSHE,2023-03-01,-0.8600000000000012
300019.XSHE,2023-03-01,-2.980000000000018
600963.XSHG,2023-03-01,-0.28000000000000114
301230.XSHE,2023-03-01,-0.6900000000000048
300006.XSHE,2023-03-01,-0.23000000000000398
601999.XSHG,2023-03-01,-0.34999999999999964
600295.XSHG,2023-03-01,-0.25
601928.XSHG,2023-03-01,-0.4900000000000002
000925.XSHE,2023-03-01,-0.37999999999999545
002469.XSHE,2023-03-01,-0.45000000000000284
605398.XSHG,2023-03-01,-2.3000000000000043
300585.XSHE,2023-03-01,-0.9599999999999937
300029.XSHE,2023-03-01,-0.09999999999999964
001323.XSHE,2023-03-01,-1.0
600153.XSHG,2023-03-01,-1.2800000000000011
002495.XSHE,2023-03-01,-0.39000000000000057
603789.XSHG,2023-03-01,-0.23000000000000043
002449.XSHE,2023-03-01,-0.5500000000000007
002621.XSHE,2023-03-01,-1.3999999999999986
600449.XSHG,2023-03-01,-2.1600000000000037
002712.XSHE,2023-03-01,-0.7800000000000011
600807.XSHG,2023-03-01,-0.129999999999999
002746.XSHE,2023-03-01,-0.3500000000000014
002943.XSHE,2023-03-01,-0.6000000000000014
301012.XSHE,2023-03-01,-0.9399999999999977
002853.XSHE,2023-03-01,-1.1200000000000045
600926.XSHG,2023-03-01,-0.39000000000000057
300074.XSHE,2023-03-01,-2.8200000000000003
688707.XSHG,2023-03-01,-0.6999999999999957
002524.XSHE,2023-03-01,-0.22999999999999687
002247.XSHE,2023-03-01,-0.3200000000000003
688319.XSHG,2023-03-01,-0.120000000000001
600178.XSHG,2023-03-01,-0.049999999999998934
001213.XSHE,2023-03-01,-0.08999999999999986
002067.XSHE,2023-03-01,-0.0799999999999983
601869.XSHG,2023-03-01,-1.0999999999999943
002417.XSHE,2023-03-01,-0.020000000000000462
002648.XSHE,2023-03-01,-4.449999999999989
002654.XSHE,2023-03-01,-0.6799999999999997
002330.XSHE,2023-03-01,-0.09999999999999964
688379.XSHG,2023-03-01,-0.379999999999999
002758.XSHE,2023-03-01,-1.0899999999999963
688270.XSHG,2023-03-01,-2.299999999999997
003007.XSHE,2023-03-01,-1.1799999999999997
002042.XSHE,2023-03-01,-0.3099999999999987
300118.XSHE,2023-03-01,-0.44000000000001194
600064.XSHG,2023-03-01,-0.8000000000000114
300122.XSHE,2023-03-01,-2.759999999999991
000798.XSHE,2023-03-01,-0.33999999999999986
002194.XSHE,2023-03-01,-1.1499999999999986
600207.XSHG,2023-03-01,-0.15000000000000036
002688.XSHE,2023-03-01,-0.060000000000002274
605288.XSHG,2023-03-01,-0.5100000000000051
002011.XSHE,2023-03-01,-2.549999999999997
002780.XSHE,2023-03-01,-0.28999999999999915
300239.XSHE,2023-03-01,-0.490000000000002
600855.XSHG,2023-03-01,-0.23000000000000043
601089.XSHG,2023-03-01,-0.10000000000000142
603097.XSHG,2023-03-01,-0.14000000000000057
603638.XSHG,2023-03-01,-1.2000000000000028
002193.XSHE,2023-03-01,-1.0600000000000023
300407.XSHE,2023-03-01,-0.7000000000000028
600456.XSHG,2023-03-01,-0.8800000000000097
300883.XSHE,2023-03-01,-0.040000000000000036
688248.XSHG,2023-03-01,-0.8400000000000034
002514.XSHE,2023-03-01,-0.8699999999999903
603969.XSHG,2023-03-01,-0.35999999999999943
601068.XSHG,2023-03-01,-0.09000000000000075
002886.XSHE,2023-03-01,-0.259999999999998
600037.XSHG,2023-03-01,-3.6099999999999994
600711.XSHG,2023-03-01,-0.7100000000000009
002560.XSHE,2023-03-01,-0.759999999999998
002267.XSHE,2023-03-01,-0.14000000000000057
002641.XSHE,2023-03-01,-0.3100000000000023
600318.XSHG,2023-03-01,-0.28999999999999915
600750.XSHG,2023-03-01,-3.9799999999999613
300142.XSHE,2023-03-01,-4.739999999999895
688683.XSHG,2023-03-01,-0.5700000000000003
300351.XSHE,2023-03-01,-1.2999999999999972
300837.XSHE,2023-03-01,-0.46000000000000085
603099.XSHG,2023-03-01,-0.14999999999999858
300454.XSHE,2023-03-01,-6.060000000000002
301135.XSHE,2023-03-01,-0.5
300735.XSHE,2023-03-01,-0.5699999999999967
601108.XSHG,2023-03-01,-0.15000000000000036
603228.XSHG,2023-03-01,-0.769999999999996
601136.XSHG,2023-03-01,-0.5399999999999991
002183.XSHE,2023-03-01,-0.75
000762.XSHE,2023-03-01,-1.1000000000000227
002333.XSHE,2023-03-01,-0.21999999999999886
300556.XSHE,2023-03-01,-1.0700000000000003
603308.XSHG,2023-03-01,-0.10999999999999943
002749.XSHE,2023-03-01,-0.8699999999999974
600996.XSHG,2023-03-01,-0.370000000000001
000014.XSHE,2023-03-01,-0.8900000000000006
600462.XSHG,2023-03-01,-0.1399999999999988
002775.XSHE,2023-03-01,-0.8500000000000014
002314.XSHE,2023-03-01,-0.14000000000000057
603421.XSHG,2023-03-01,-0.15999999999999837
300050.XSHE,2023-03-01,-1.5799999999999983
301269.XSHE,2023-03-01,-2.6200000000000045
301004.XSHE,2023-03-01,-0.46999999999999886
600363.XSHG,2023-03-01,-2.990000000000009
688667.XSHG,2023-03-01,-1.0100000000000051
600866.XSHG,2023-03-01,-1.1700000000000017
600782.XSHG,2023-03-01,-0.259999999999998
300732.XSHE,2023-03-01,-1.2199999999999989
600819.XSHG,2023-03-01,-0.20000000000000284
000519.XSHE,2023-03-01,-1.2199999999999989
600221.XSHG,2023-03-01,-0.03000000000000025
688166.XSHG,2023-03-01,-0.5599999999999987
603180.XSHG,2023-03-01,-4.6299999999999955
603788.XSHG,2023-03-01,-0.33999999999999986
600593.XSHG,2023-03-01,-0.2699999999999996
300077.XSHE,2023-03-01,-1.5999999999999943
301289.XSHE,2023-03-01,-0.259999999999998
600760.XSHG,2023-03-01,-2.1000000000000227
603528.XSHG,2023-03-01,-1.0
603058.XSHG,2023-03-01,-0.29999999999999893
603833.XSHG,2023-03-01,-2.5500000000000114
605155.XSHG,2023-03-01,-0.16000000000000014
000650.XSHE,2023-03-01,-1.5
603051.XSHG,2023-03-01,-0.28999999999999915
600179.XSHG,2023-03-01,-0.049999999999998934
300493.XSHE,2023-03-01,-1.0899999999999999
002586.XSHE,2023-03-01,-0.19000000000000128
000625.XSHE,2023-03-01,-3.789999999999992
002792.XSHE,2023-03-01,-1.740000000000002
600599.XSHG,2023-03-01,-0.33000000000000185
603703.XSHG,2023-03-01,-0.29999999999999716
603890.XSHG,2023-03-01,-0.7899999999999991
002097.XSHE,2023-03-01,-0.389999999999997
301006.XSHE,2023-03-01,-0.11999999999999744
000410.XSHE,2023-03-01,-0.029999999999997584
300901.XSHE,2023-03-01,-0.08999999999999986
002130.XSHE,2023-03-01,-2.480000000000018
600220.XSHG,2023-03-01,-0.26000000000000156
601658.XSHG,2023-03-01,-0.08999999999999986
600929.XSHG,2023-03-01,-0.08999999999999986
002463.XSHE,2023-03-01,-1.4299999999999997
603358.XSHG,2023-03-01,-0.8699999999999903
603871.XSHG,2023-03-01,-4.310000000000002
002316.XSHE,2023-03-01,-0.6600000000000001
002970.XSHE,2023-03-01,-1.1599999999999966
000719.XSHE,2023-03-01,-0.8900000000000006
002909.XSHE,2023-03-01,-0.21000000000000085
688046.XSHG,2023-03-01,-0.5799999999999983
601966.XSHG,2023-03-01,-0.6600000000000001
301112.XSHE,2023-03-01,-0.6799999999999997
603329.XSHG,2023-03-01,-0.060000000000002274
603383.XSHG,2023-03-01,-3.0
603345.XSHG,2023-03-01,-1.2800000000000011
688266.XSHG,2023-03-01,-0.6899999999999977
600671.XSHG,2023-03-01,-0.120000000000001
601666.XSHG,2023-03-01,-0.37999999999999545
300300.XSHE,2023-03-01,-1.6700000000000017
000333.XSHE,2023-03-01,-10.319999999999993
000725.XSHE,2023-03-01,-0.370000000000001
688268.XSHG,2023-03-01,-0.6700000000000017
000016.XSHE,2023-03-01,-1.9500000000000028
600452.XSHG,2023-03-01,-0.6799999999999784
603612.XSHG,2023-03-01,-0.17999999999999972
600693.XSHG,2023-03-01,-0.490000000000002
300681.XSHE,2023-03-01,-0.45000000000000284
000728.XSHE,2023-03-01,-0.16999999999999815
688170.XSHG,2023-03-01,-2.4299999999999997
301366.XSHE,2023-03-01,-0.8800000000000026
000090.XSHE,2023-03-01,-1.009999999999998
300427.XSHE,2023-03-01,-0.3299999999999983
300535.XSHE,2023-03-01,-0.31999999999999673
600416.XSHG,2023-03-01,-0.960000000000008
301056.XSHE,2023-03-01,-0.129999999999999
000692.XSHE,2023-03-01,-0.5
603078.XSHG,2023-03-01,-1.3400000000000034
600125.XSHG,2023-03-01,-1.8900000000000006
000591.XSHE,2023-03-01,-0.5699999999999932
002305.XSHE,2023-03-01,-0.13000000000000078
000567.XSHE,2023-03-01,-0.4899999999999807
002628.XSHE,2023-03-01,-0.2699999999999996
300916.XSHE,2023-03-01,-2.450000000000003
603987.XSHG,2023-03-01,-0.240000000000002
301298.XSHE,2023-03-01,-0.16000000000000014
301136.XSHE,2023-03-01,-0.370000000000001
300242.XSHE,2023-03-01,-0.9299999999999997
688658.XSHG,2023-03-01,-0.360000000000003
600029.XSHG,2023-03-01,-0.16999999999999993
688409.XSHG,2023-03-01,-3.759999999999991
605133.XSHG,2023-03-01,-2.0900000000000034
600993.XSHG,2023-03-01,-1.9399999999999977
688195.XSHG,2023-03-01,-1.1699999999999982
002735.XSHE,2023-03-01,-1.5600000000000023
600343.XSHG,2023-03-01,-0.4899999999999949
600284.XSHG,2023-03-01,-0.2099999999999973
301248.XSHE,2023-03-01,-1.3000000000000043
603111.XSHG,2023-03-01,-0.13000000000000078
002951.XSHE,2023-03-01,-0.120000000000001
603283.XSHG,2023-03-01,-1.0400000000000063
301032.XSHE,2023-03-01,-0.3100000000000005
601969.XSHG,2023-03-01,-0.22000000000000064
000582.XSHE,2023-03-01,-0.2600000000000051
002360.XSHE,2023-03-01,-0.5599999999999952
600636.XSHG,2023-03-01,-3.3799999999999955
000671.XSHE,2023-03-01,-0.35999999999999943
300365.XSHE,2023-03-01,-2.4399999999999977
002263.XSHE,2023-03-01,-0.09999999999999964
002319.XSHE,2023-03-01,-0.7100000000000009
300277.XSHE,2023-03-01,-1.1700000000000017
300677.XSHE,2023-03-01,-1.9499999999999886
601611.XSHG,2023-03-01,-0.09999999999999964
603176.XSHG,2023-03-01,-0.08000000000000007
001259.XSHE,2023-03-01,-0.33999999999999986
002977.XSHE,2023-03-01,-2.1300000000000026
301367.XSHE,2023-03-01,-1.5600000000000023
601600.XSHG,2023-03-01,-0.17999999999999972
603936.XSHG,2023-03-01,-0.3100000000000023
001331.XSHE,2023-03-01,-0.129999999999999
002419.XSHE,2023-03-01,-0.129999999999999
600595.XSHG,2023-03-01,-0.16000000000000014
300948.XSHE,2023-03-01,-0.21000000000000085
600606.XSHG,2023-03-01,-6.610000000000014
300661.XSHE,2023-03-01,-12.299999999999955
688682.XSHG,2023-03-01,-7.75
002184.XSHE,2023-03-01,-1.4299999999999997
300767.XSHE,2023-03-01,-2.25
688372.XSHG,2023-03-01,-5.109999999999999
000153.XSHE,2023-03-01,-0.46000000000000085
000568.XSHE,2023-03-01,-269.5599999999995
300261.XSHE,2023-03-01,-2.219999999999999
000021.XSHE,2023-03-01,-7.6200000000000045
002008.XSHE,2023-03-01,-5.899999999999977
002119.XSHE,2023-03-01,-1.0600000000000023
301220.XSHE,2023-03-01,-0.8999999999999986
600028.XSHG,2023-03-01,-0.3500000000000014
601377.XSHG,2023-03-01,-0.2900000000000027
603669.XSHG,2023-03-01,-0.09999999999999787
000971.XSHE,2023-03-01,-0.33999999999999986
300656.XSHE,2023-03-01,-0.45999999999999375
300668.XSHE,2023-03-01,-0.769999999999996
601901.XSHG,2023-03-01,-0.10999999999999943
300320.XSHE,2023-03-01,-1.2900000000000063
000040.XSHE,2023-03-01,-0.17999999999999972
001226.XSHE,2023-03-01,-1.4500000000000028
601828.XSHG,2023-03-01,-0.14999999999999947
601156.XSHG,2023-03-01,-0.10999999999999943
301286.XSHE,2023-03-01,-0.3299999999999983
300459.XSHE,2023-03-01,-4.689999999999998
300583.XSHE,2023-03-01,-0.16999999999999815
301317.XSHE,2023-03-01,-0.05999999999999872
605196.XSHG,2023-03-01,-0.10000000000000053
603530.XSHG,2023-03-01,-0.120000000000001
002614.XSHE,2023-03-01,-0.6099999999999994
688072.XSHG,2023-03-01,-9.29000000000002
002292.XSHE,2023-03-01,-1.2700000000000031
002608.XSHE,2023-03-01,-0.05000000000000071
300548.XSHE,2023-03-01,-1.6600000000000037
605286.XSHG,2023-03-01,-0.38000000000000256
603233.XSHG,2023-03-01,-0.6899999999999977
603096.XSHG,2023-03-01,-0.5899999999999999
002328.XSHE,2023-03-01,-0.5400000000000027
000529.XSHE,2023-03-01,-0.379999999999999
600639.XSHG,2023-03-01,-0.14000000000000057
603319.XSHG,2023-03-01,-0.4099999999999966
000404.XSHE,2023-03-01,-0.1999999999999993
688076.XSHG,2023-03-01,-0.2900000000000027
601456.XSHG,2023-03-01,-0.3800000000000008
605008.XSHG,2023-03-01,-0.060000000000002274
300313.XSHE,2023-03-01,-0.23000000000000043
301039.XSHE,2023-03-01,-0.7899999999999991
688186.XSHG,2023-03-01,-1.1600000000000037
300589.XSHE,2023-03-01,-0.9200000000000017
000679.XSHE,2023-03-01,-0.240000000000002
002727.XSHE,2023-03-01,-1.2199999999999989
603937.XSHG,2023-03-01,-0.33000000000000007
002317.XSHE,2023-03-01,-4.510000000000019
688699.XSHG,2023-03-01,-1.7999999999999972
688007.XSHG,2023-03-01,-0.5799999999999983
000819.XSHE,2023-03-01,-1.5400000000000205
301047.XSHE,2023-03-01,-0.9199999999999875
000017.XSHE,2023-03-01,-0.23000000000000043
603330.XSHG,2023-03-01,-0.9400000000000119
000063.XSHE,2023-03-01,-17.92999999999995
605100.XSHG,2023-03-01,-1.6400000000000006
000035.XSHE,2023-03-01,-0.18999999999999773
688518.XSHG,2023-03-01,-0.9100000000000037
688625.XSHG,2023-03-01,-0.5999999999999943
600218.XSHG,2023-03-01,-0.23000000000000043
600804.XSHG,2023-03-01,-0.6499999999999986
600289.XSHG,2023-03-01,-0.4400000000000013
300460.XSHE,2023-03-01,-0.2699999999999996
002113.XSHE,2023-03-01,-0.21999999999999886
001227.XSHE,2023-03-01,-0.029999999999999805
605588.XSHG,2023-03-01,-0.740000000000002
300643.XSHE,2023-03-01,-0.28000000000000114
300774.XSHE,2023-03-01,-0.08999999999999986
300511.XSHE,2023-03-01,-0.9600000000000009
688359.XSHG,2023-03-01,-0.9100000000000037
300864.XSHE,2023-03-01,-1.470000000000013
600250.XSHG,2023-03-01,-0.10999999999999943
601606.XSHG,2023-03-01,-0.15999999999999837
300089.XSHE,2023-03-01,-0.16000000000000014
002882.XSHE,2023-03-01,-1.2699999999999996
300022.XSHE,2023-03-01,-0.23999999999999844
688455.XSHG,2023-03-01,-0.29999999999999893
300771.XSHE,2023-03-01,-0.9799999999999969
601609.XSHG,2023-03-01,-0.04999999999999982
001316.XSHE,2023-03-01,-0.4200000000000017
603188.XSHG,2023-03-01,-0.08999999999999986
300451.XSHE,2023-03-01,-9.659999999999997
300435.XSHE,2023-03-01,-1.1600000000000037
300683.XSHE,2023-03-01,-0.3100000000000023
300725.XSHE,2023-03-01,-3.9099999999999966
000534.XSHE,2023-03-01,-0.8799999999999955
300929.XSHE,2023-03-01,-0.21999999999999886
605016.XSHG,2023-03-01,-1.2199999999999989
002716.XSHE,2023-03-01,-0.11000000000000121
300432.XSHE,2023-03-01,-1.5899999999999892
300847.XSHE,2023-03-01,-1.4600000000000009
300655.XSHE,2023-03-01,-5.810000000000002
601628.XSHG,2023-03-01,-1.8299999999999983
601808.XSHG,2023-03-01,-0.36999999999999744
001270.XSHE,2023-03-01,-4.670000000000016
002160.XSHE,2023-03-01,-0.13000000000000078
300892.XSHE,2023-03-01,-0.3999999999999986
603301.XSHG,2023-03-01,-0.29999999999999716
600406.XSHG,2023-03-01,-8.5
603232.XSHG,2023-03-01,-3.3499999999999943
000616.XSHE,2023-03-01,-0.8900000000000006
600973.XSHG,2023-03-01,-0.9699999999999989
300085.XSHE,2023-03-01,-6.3799999999999955
300647.XSHE,2023-03-01,-0.46999999999999886
002885.XSHE,2023-03-01,-1.5899999999999892
300205.XSHE,2023-03-01,-3.969999999999999
002266.XSHE,2023-03-01,-0.3400000000000034
300612.XSHE,2023-03-01,-4.380000000000003
300629.XSHE,2023-03-01,-1.1300000000000026
603989.XSHG,2023-03-01,-2.0500000000000043
600082.XSHG,2023-03-01,-0.240000000000002
300140.XSHE,2023-03-01,-0.3299999999999983
603828.XSHG,2023-03-01,-0.14000000000000057
002234.XSHE,2023-03-01,-0.3500000000000014
600814.XSHG,2023-03-01,-0.5800000000000054
688083.XSHG,2023-03-01,-8.960000000000036
002639.XSHE,2023-03-01,-0.3099999999999987
300068.XSHE,2023-03-01,-2.3900000000000006
688036.XSHG,2023-03-01,-2.8100000000000023
000678.XSHE,2023-03-01,-0.490000000000002
688216.XSHG,2023-03-01,-0.6600000000000001
000831.XSHE,2023-03-01,-3.7099999999999795
600057.XSHG,2023-03-01,-0.6599999999999966
600352.XSHG,2023-03-01,-2.9099999999999966
603466.XSHG,2023-03-01,-3.5900000000000034
600823.XSHG,2023-03-01,-1.1000000000000227
300531.XSHE,2023-03-01,-2.1600000000000037
000049.XSHE,2023-03-01,-3.2200000000000273
002547.XSHE,2023-03-01,-1.7700000000000031
600898.XSHG,2023-03-01,-0.379999999999999
000708.XSHE,2023-03-01,-1.4200000000000017
600616.XSHG,2023-03-01,-26.629999999999654
600397.XSHG,2023-03-01,-0.16000000000000014
300854.XSHE,2023-03-01,-0.14000000000000057
002897.XSHE,2023-03-01,-0.7999999999999972
002366.XSHE,2023-03-01,-0.08999999999999986
000981.XSHE,2023-03-01,-0.0600000000000005
600256.XSHG,2023-03-01,-5.329999999999984
600873.XSHG,2023-03-01,-0.3299999999999983
002582.XSHE,2023-03-01,-0.17999999999999972
300251.XSHE,2023-03-01,-3.980000000000018
601599.XSHG,2023-03-01,-0.13000000000000078
002433.XSHE,2023-03-01,-0.129999999999999
000810.XSHE,2023-03-01,-2.450000000000003
603868.XSHG,2023-03-01,-0.519999999999996
603389.XSHG,2023-03-01,-0.1200000000000001
002824.XSHE,2023-03-01,-0.7199999999999989
688003.XSHG,2023-03-01,-0.9299999999999997
300695.XSHE,2023-03-01,-0.6000000000000014
000698.XSHE,2023-03-01,-0.21999999999999886
002315.XSHE,2023-03-01,-1.8000000000000114
300539.XSHE,2023-03-01,-0.6299999999999955
603080.XSHG,2023-03-01,-0.07000000000000028
000425.XSHE,2023-03-01,-7.810000000000002
301408.XSHE,2023-03-01,-0.25
601163.XSHG,2023-03-01,-0.0600000000000005
688180.XSHG,2023-03-01,-0.7100000000000009
000811.XSHE,2023-03-01,-2.319999999999993
300614.XSHE,2023-03-01,-0.5999999999999979
300998.XSHE,2023-03-01,-0.3500000000000014
300691.XSHE,2023-03-01,-1.1799999999999997
301129.XSHE,2023-03-01,-3.1200000000000045
600975.XSHG,2023-03-01,-0.519999999999996
300436.XSHE,2023-03-01,-1.5
301070.XSHE,2023-03-01,-0.490000000000002
600643.XSHG,2023-03-01,-0.269999999999996
601519.XSHG,2023-03-01,-0.5500000000000007
600476.XSHG,2023-03-01,-2.009999999999998
002990.XSHE,2023-03-01,-0.3199999999999932
688282.XSHG,2023-03-01,-0.9099999999999966
300678.XSHE,2023-03-01,-1.5
688006.XSHG,2023-03-01,-1.0399999999999991
688639.XSHG,2023-03-01,-5.1299999999999955
603682.XSHG,2023-03-01,-0.08999999999999986
002566.XSHE,2023-03-01,-0.3100000000000023
300403.XSHE,2023-03-01,-0.4399999999999977
688586.XSHG,2023-03-01,-0.6899999999999977
300119.XSHE,2023-03-01,-1.4399999999999977
301227.XSHE,2023-03-01,-1.2999999999999972
000068.XSHE,2023-03-01,-0.1800000000000015
301119.XSHE,2023-03-01,-0.22000000000000242
301078.XSHE,2023-03-01,-0.5299999999999994
601838.XSHG,2023-03-01,-0.25
600126.XSHG,2023-03-01,-0.33999999999999986
002659.XSHE,2023-03-01,-0.15000000000000036
601818.XSHG,2023-03-01,-0.04999999999999982
002545.XSHE,2023-03-01,-0.2700000000000031
605068.XSHG,2023-03-01,-0.5600000000000023
300404.XSHE,2023-03-01,-0.7199999999999989
301013.XSHE,2023-03-01,-0.120000000000001
688132.XSHG,2023-03-01,-0.1700000000000017
300786.XSHE,2023-03-01,-0.8500000000000014
002264.XSHE,2023-03-01,-0.240000000000002
601688.XSHG,2023-03-01,-0.33000000000000007
000895.XSHE,2023-03-01,-9.269999999999982
300951.XSHE,2023-03-01,-0.6899999999999977
300986.XSHE,2023-03-01,-1.7999999999999972
300333.XSHE,2023-03-01,-1.0399999999999991
301168.XSHE,2023-03-01,-0.6500000000000057
002076.XSHE,2023-03-01,-0.46999999999999886
002615.XSHE,2023-03-01,-0.37000000000000455
300550.XSHE,2023-03-01,-0.5499999999999972
600303.XSHG,2023-03-01,-0.259999999999998
601236.XSHG,2023-03-01,-0.1999999999999993
600691.XSHG,2023-03-01,-0.37999999999999545
688188.XSHG,2023-03-01,-4.25
002208.XSHE,2023-03-01,-0.37999999999999545
000069.XSHE,2023-03-01,-4.8700000000000045
000628.XSHE,2023-03-01,-0.6400000000000006
688057.XSHG,2023-03-01,-0.5599999999999987
688353.XSHG,2023-03-01,-0.2600000000000051
000727.XSHE,2023-03-01,-0.5199999999999996
300777.XSHE,2023-03-01,-0.7100000000000009
301113.XSHE,2023-03-01,-0.259999999999998
600909.XSHG,2023-03-01,-0.10000000000000053
002581.XSHE,2023-03-01,-0.259999999999998
605222.XSHG,2023-03-01,-0.39000000000000057
002801.XSHE,2023-03-01,-2.25
300635.XSHE,2023-03-01,-0.3200000000000003
002678.XSHE,2023-03-01,-0.3100000000000023
603729.XSHG,2023-03-01,-0.509999999999998
301369.XSHE,2023-03-01,-1.1199999999999903
300801.XSHE,2023-03-01,-0.4799999999999969
601616.XSHG,2023-03-01,-0.09999999999999964
603326.XSHG,2023-03-01,-0.370000000000001
600391.XSHG,2023-03-01,-0.8900000000000006
000401.XSHE,2023-03-01,-0.5600000000000023
300260.XSHE,2023-03-01,-7.100000000000023
300534.XSHE,2023-03-01,-1.0899999999999963
600871.XSHG,2023-03-01,-0.04999999999999982
688611.XSHG,2023-03-01,-1.3900000000000006
300484.XSHE,2023-03-01,-1.5900000000000034
002140.XSHE,2023-03-01,-1.3299999999999983
600773.XSHG,2023-03-01,-0.3199999999999932
300281.XSHE,2023-03-01,-0.36999999999999744
300211.XSHE,2023-03-01,-2.8700000000000045
603668.XSHG,2023-03-01,-0.23000000000000043
002908.XSHE,2023-03-01,-3.6400000000000006
600408.XSHG,2023-03-01,-0.11999999999999922
000505.XSHE,2023-03-01,-0.3200000000000003
301201.XSHE,2023-03-01,-0.28000000000000114
301020.XSHE,2023-03-01,-0.35999999999999943
688065.XSHG,2023-03-01,-1.2399999999999949
002665.XSHE,2023-03-01,-0.6900000000000048
600962.XSHG,2023-03-01,-0.6999999999999993
688201.XSHG,2023-03-01,-4.109999999999999
002550.XSHE,2023-03-01,-0.4000000000000057
300294.XSHE,2023-03-01,-0.5300000000000011
603456.XSHG,2023-03-01,-1.6899999999999977
605011.XSHG,2023-03-01,-0.11999999999999922
002533.XSHE,2023-03-01,-0.21000000000000085
600156.XSHG,2023-03-01,-0.16999999999999993
301180.XSHE,2023-03-01,-0.38000000000000256
300931.XSHE,2023-03-01,-0.1200000000000001
600981.XSHG,2023-03-01,-0.09999999999999964
605255.XSHG,2023-03-01,-0.33000000000000185
688041.XSHG,2023-03-01,-2.1000000000000014
300174.XSHE,2023-03-01,-0.7999999999999972
002202.XSHE,2023-03-01,-1.6899999999999977
600883.XSHG,2023-03-01,-0.6200000000000045
603201.XSHG,2023-03-01,-0.5700000000000003
688017.XSHG,2023-03-01,-4.929999999999978
605299.XSHG,2023-03-01,-0.15999999999999837
600227.XSHG,2023-03-01,-0.060000000000002274
600861.XSHG,2023-03-01,-0.7700000000000031
601998.XSHG,2023-03-01,-0.11999999999999922
603378.XSHG,2023-03-01,-0.26000000000000156
605118.XSHG,2023-03-01,-0.33999999999999986
002383.XSHE,2023-03-01,-1.4400000000000048
603558.XSHG,2023-03-01,-0.1599999999999966
600838.XSHG,2023-03-01,-0.8299999999999983
600396.XSHG,2023-03-01,-0.07000000000000028
301311.XSHE,2023-03-01,-0.3500000000000014
300341.XSHE,2023-03-01,-0.8100000000000023
688261.XSHG,2023-03-01,-2.3799999999999955
002493.XSHE,2023-03-01,-4.099999999999994
002662.XSHE,2023-03-01,-0.08999999999999986
601698.XSHG,2023-03-01,-0.9400000000000013
002762.XSHE,2023-03-01,-5.719999999999999
000702.XSHE,2023-03-01,-0.19000000000000128
000559.XSHE,2023-03-01,-0.7599999999999909
600528.XSHG,2023-03-01,-2.229999999999997
688028.XSHG,2023-03-01,-0.5700000000000003
603113.XSHG,2023-03-01,-0.009999999999999787
000990.XSHE,2023-03-01,-0.3099999999999987
000899.XSHE,2023-03-01,-0.1600000000000037
600288.XSHG,2023-03-01,-2.530000000000001
000723.XSHE,2023-03-01,-0.6899999999999977
300001.XSHE,2023-03-01,-3.259999999999991
301027.XSHE,2023-03-01,-0.5499999999999989
300558.XSHE,2023-03-01,-0.6900000000000048
688096.XSHG,2023-03-01,-0.1899999999999995
300359.XSHE,2023-03-01,-1.490000000000009
600775.XSHG,2023-03-01,-0.18999999999999773
601919.XSHG,2023-03-01,-0.22999999999999687
300492.XSHE,2023-03-01,-0.3999999999999915
300521.XSHE,2023-03-01,-0.2699999999999996
301419.XSHE,2023-03-01,-1.0500000000000043
688221.XSHG,2023-03-01,-0.09999999999999964
601555.XSHG,2023-03-01,-0.07000000000000028
600425.XSHG,2023-03-01,-0.18000000000000327
002666.XSHE,2023-03-01,-0.4800000000000004
300204.XSHE,2023-03-01,-0.2400000000000091
605020.XSHG,2023-03-01,-1.4799999999999969
002348.XSHE,2023-03-01,-1.860000000000003
600779.XSHG,2023-03-01,-11.43999999999994
301071.XSHE,2023-03-01,-4.659999999999997
600565.XSHG,2023-03-01,-0.370000000000001
688235.XSHG,2023-03-01,-7.0
000982.XSHE,2023-03-01,-0.16999999999999815
002731.XSHE,2023-03-01,-0.14000000000000057
688225.XSHG,2023-03-01,-1.0499999999999972
003031.XSHE,2023-03-01,-4.439999999999998
600517.XSHG,2023-03-01,-1.5100000000000051
300709.XSHE,2023-03-01,-0.14999999999999858
000862.XSHE,2023-03-01,-0.3000000000000007
300226.XSHE,2023-03-01,-5.590000000000003
002252.XSHE,2023-03-01,-1.2199999999999989
600987.XSHG,2023-03-01,-1.2299999999999969
001205.XSHE,2023-03-01,-1.1400000000000006
300066.XSHE,2023-03-01,-1.269999999999996
300148.XSHE,2023-03-01,-1.1699999999999982
300437.XSHE,2023-03-01,-0.46999999999999886
600720.XSHG,2023-03-01,-1.509999999999991
300552.XSHE,2023-03-01,-2.3599999999999994
603023.XSHG,2023-03-01,-0.21000000000000085
002479.XSHE,2023-03-01,-0.1700000000000017
603022.XSHG,2023-03-01,-0.4799999999999969
300925.XSHE,2023-03-01,-2.1400000000000006
300805.XSHE,2023-03-01,-0.25
301108.XSHE,2023-03-01,-0.39000000000000057
603070.XSHG,2023-03-01,-0.5800000000000018
600322.XSHG,2023-03-01,-0.07000000000000028
300886.XSHE,2023-03-01,-0.5799999999999983
002734.XSHE,2023-03-01,-0.5
002966.XSHE,2023-03-01,-0.030000000000001137
688115.XSHG,2023-03-01,-0.8400000000000034
603697.XSHG,2023-03-01,-0.5700000000000003
301090.XSHE,2023-03-01,-0.040000000000000924
601788.XSHG,2023-03-01,-0.509999999999998
002427.XSHE,2023-03-01,-0.08000000000000007
300513.XSHE,2023-03-01,-1.3000000000000043
000539.XSHE,2023-03-01,-2.269999999999996
300707.XSHE,2023-03-01,-0.6499999999999986
688609.XSHG,2023-03-01,-0.3199999999999994
002453.XSHE,2023-03-01,-1.0300000000000011
000571.XSHE,2023-03-01,-0.46999999999999886
002786.XSHE,2023-03-01,-0.2699999999999996
600995.XSHG,2023-03-01,-0.44999999999998863
600511.XSHG,2023-03-01,-2.3799999999999955
301195.XSHE,2023-03-01,-5.460000000000008
300557.XSHE,2023-03-01,-0.9200000000000017
600438.XSHG,2023-03-01,-2.580000000000041
603738.XSHG,2023-03-01,-1.6400000000000006
000809.XSHE,2023-03-01,-0.02999999999999936
300949.XSHE,2023-03-01,-1.0399999999999991
300463.XSHE,2023-03-01,-0.5399999999999991
688517.XSHG,2023-03-01,-0.5199999999999996
600858.XSHG,2023-03-01,-0.28000000000000114
002242.XSHE,2023-03-01,-1.0799999999999983
300227.XSHE,2023-03-01,-0.5499999999999972
688617.XSHG,2023-03-01,-5.639999999999986
600583.XSHG,2023-03-01,-1.6499999999999773
300087.XSHE,2023-03-01,-1.8400000000000034
002694.XSHE,2023-03-01,-0.5700000000000003
002831.XSHE,2023-03-01,-0.9299999999999926
600563.XSHG,2023-03-01,-7.8700000000000045
002139.XSHE,2023-03-01,-3.0500000000000114
301087.XSHE,2023-03-01,-1.490000000000002
002795.XSHE,2023-03-01,-0.7899999999999991
002069.XSHE,2023-03-01,-0.26000000000000156
600745.XSHG,2023-03-01,-1.5700000000000074
605018.XSHG,2023-03-01,-0.14999999999999858
603214.XSHG,2023-03-01,-0.9599999999999973
600683.XSHG,2023-03-01,-0.18999999999999773
601579.XSHG,2023-03-01,-0.33999999999999986
000888.XSHE,2023-03-01,-0.509999999999998
002868.XSHE,2023-03-01,-2.010000000000005
688106.XSHG,2023-03-01,-0.6799999999999997
000564.XSHE,2023-03-01,-0.27999999999999936
688002.XSHG,2023-03-01,-0.6199999999999974
688085.XSHG,2023-03-01,-0.21000000000000085
603515.XSHG,2023-03-01,-0.36999999999999744
600617.XSHG,2023-03-01,-2.1500000000000057
301222.XSHE,2023-03-01,-0.4700000000000024
300336.XSHE,2023-03-01,-0.07000000000000028
600738.XSHG,2023-03-01,-0.29999999999999716
002613.XSHE,2023-03-01,-0.22000000000000242
600560.XSHG,2023-03-01,-1.2399999999999949
601012.XSHG,2023-03-01,-5.0
300106.XSHE,2023-03-01,-0.120000000000001
688049.XSHG,2023-03-01,-1.2799999999999976
600458.XSHG,2023-03-01,-0.6599999999999966
300486.XSHE,2023-03-01,-0.4800000000000004
600273.XSHG,2023-03-01,-0.14000000000000057
002284.XSHE,2023-03-01,-1.9100000000000037
603133.XSHG,2023-03-01,-0.1399999999999988
300449.XSHE,2023-03-01,-0.8999999999999986
300515.XSHE,2023-03-01,-0.9699999999999989
002554.XSHE,2023-03-01,-0.21000000000000085
603181.XSHG,2023-03-01,-0.7100000000000009
605050.XSHG,2023-03-01,-0.0600000000000005
002555.XSHE,2023-03-01,-18.50999999999999
600423.XSHG,2023-03-01,-0.09999999999999964
600292.XSHG,2023-03-01,-0.25
000801.XSHE,2023-03-01,-1.6099999999999994
300094.XSHE,2023-03-01,-0.2699999999999996
600225.XSHG,2023-03-01,-0.14999999999999858
600131.XSHG,2023-03-01,-5.310000000000002
002420.XSHE,2023-03-01,-0.07000000000000028
603896.XSHG,2023-03-01,-0.9399999999999977
002339.XSHE,2023-03-01,-1.6599999999999966
300327.XSHE,2023-03-01,-0.45000000000000284
600812.XSHG,2023-03-01,-0.16999999999999815
002552.XSHE,2023-03-01,-0.5
600387.XSHG,2023-03-01,-0.11999999999999744
000755.XSHE,2023-03-01,-0.14000000000000057
000757.XSHE,2023-03-01,-0.14999999999999858
002532.XSHE,2023-03-01,-3.6400000000000077
002647.XSHE,2023-03-01,-0.3100000000000023
001268.XSHE,2023-03-01,-0.43000000000000327
002253.XSHE,2023-03-01,-2.200000000000003
002815.XSHE,2023-03-01,-0.4200000000000017
603458.XSHG,2023-03-01,-0.28000000000000114
603992.XSHG,2023-03-01,-0.19000000000000128
603826.XSHG,2023-03-01,-1.3599999999999994
300424.XSHE,2023-03-01,-0.46999999999999886
000968.XSHE,2023-03-01,-0.05999999999999872
300779.XSHE,2023-03-01,-0.14999999999999858
600741.XSHG,2023-03-01,-10.080000000000041
000785.XSHE,2023-03-01,-0.2699999999999996
002122.XSHE,2023-03-01,-0.25
600686.XSHG,2023-03-01,-1.0600000000000023
600361.XSHG,2023-03-01,-0.10999999999999943
300783.XSHE,2023-03-01,-0.3200000000000003
300880.XSHE,2023-03-01,-0.22000000000000242
600900.XSHG,2023-03-01,-0.4399999999999977
600360.XSHG,2023-03-01,-1.1000000000000014
300514.XSHE,2023-03-01,-0.8599999999999994
002769.XSHE,2023-03-01,-1.1799999999999997
600754.XSHG,2023-03-01,-4.319999999999993
603178.XSHG,2023-03-01,-0.11999999999999922
301290.XSHE,2023-03-01,-0.14999999999999858
601956.XSHG,2023-03-01,-0.1200000000000001
688789.XSHG,2023-03-01,-8.550000000000011
603829.XSHG,2023-03-01,-0.21000000000000085
300217.XSHE,2023-03-01,-3.3999999999999915
002442.XSHE,2023-03-01,-0.09999999999999964
002529.XSHE,2023-03-01,-0.19000000000000128
600336.XSHG,2023-03-01,-0.28999999999999915
000045.XSHE,2023-03-01,-0.6200000000000045
002441.XSHE,2023-03-01,-1.1999999999999957
600099.XSHG,2023-03-01,-0.28000000000000114
600459.XSHG,2023-03-01,-0.7999999999999972
002093.XSHE,2023-03-01,-3.299999999999997
002898.XSHE,2023-03-01,-0.14000000000000057
600172.XSHG,2023-03-01,-0.9400000000000048
000055.XSHE,2023-03-01,-0.30000000000000426
301178.XSHE,2023-03-01,-1.6099999999999994
688239.XSHG,2023-03-01,-0.07000000000000739
300781.XSHE,2023-03-01,-1.3500000000000014
000507.XSHE,2023-03-01,-0.39000000000000057
000882.XSHE,2023-03-01,-0.0600000000000005
688136.XSHG,2023-03-01,-0.07000000000000028
600970.XSHG,2023-03-01,-3.6000000000000227
603160.XSHG,2023-03-01,-0.8800000000000026
600892.XSHG,2023-03-01,-0.6700000000000017
002296.XSHE,2023-03-01,-0.8300000000000054
000691.XSHE,2023-03-01,-0.15000000000000036
301083.XSHE,2023-03-01,-0.25
603918.XSHG,2023-03-01,-3.8999999999999986
002809.XSHE,2023-03-01,-0.4299999999999997
300442.XSHE,2023-03-01,-2.4100000000000037
003021.XSHE,2023-03-01,-2.6099999999999994
000921.XSHE,2023-03-01,-0.240000000000002
600539.XSHG,2023-03-01,-0.129999999999999
600201.XSHG,2023-03-01,-1.259999999999991
600359.XSHG,2023-03-01,-0.09999999999999964
600690.XSHG,2023-03-01,-32.25999999999999
603357.XSHG,2023-03-01,-0.46999999999999886
600379.XSHG,2023-03-01,-0.1699999999999946
600586.XSHG,2023-03-01,-1.6400000000000148
600651.XSHG,2023-03-01,-393.630000000001
301115.XSHE,2023-03-01,-0.8999999999999986
300040.XSHE,2023-03-01,-0.490000000000002
688185.XSHG,2023-03-01,-0.37000000000000455
600968.XSHG,2023-03-01,-0.03000000000000025
301276.XSHE,2023-03-01,-0.20000000000000284
002100.XSHE,2023-03-01,-1.0799999999999983
300056.XSHE,2023-03-01,-0.46999999999999886
600578.XSHG,2023-03-01,-0.05999999999999872
601890.XSHG,2023-03-01,-1.0500000000000007
002439.XSHE,2023-03-01,-11.779999999999973
000893.XSHE,2023-03-01,-0.8900000000000006
603101.XSHG,2023-03-01,-0.0600000000000005
300406.XSHE,2023-03-01,-3.5
000909.XSHE,2023-03-01,-0.75
600825.XSHG,2023-03-01,-1.009999999999998
000970.XSHE,2023-03-01,-4.620000000000033
601699.XSHG,2023-03-01,-1.1599999999999966
605186.XSHG,2023-03-01,-0.120000000000001
600479.XSHG,2023-03-01,-1.009999999999991
601872.XSHG,2023-03-01,-0.8600000000000012
688277.XSHG,2023-03-01,-0.20000000000000107
601798.XSHG,2023-03-01,-0.09999999999999964
603916.XSHG,2023-03-01,-0.28000000000000114
600036.XSHG,2023-03-01,-5.679999999999978
300346.XSHE,2023-03-01,-7.279999999999973
603006.XSHG,2023-03-01,-0.46999999999999886
600562.XSHG,2023-03-01,-1.6500000000000057
603321.XSHG,2023-03-01,-0.08000000000000007
002459.XSHE,2023-03-01,-0.6499999999999915
300170.XSHE,2023-03-01,-6.060000000000002
300058.XSHE,2023-03-01,-12.519999999999996
002881.XSHE,2023-03-01,-1.4200000000000017
000099.XSHE,2023-03-01,-0.23000000000000043
003008.XSHE,2023-03-01,-0.3100000000000023
301060.XSHE,2023-03-01,-0.25
603387.XSHG,2023-03-01,-0.3299999999999983
603839.XSHG,2023-03-01,-0.16000000000000014
300919.XSHE,2023-03-01,-0.46999999999999886
000948.XSHE,2023-03-01,-2.769999999999996
688418.XSHG,2023-03-01,-1.9800000000000004
000961.XSHE,2023-03-01,-0.13000000000000078
002123.XSHE,2023-03-01,-3.4399999999999977
301121.XSHE,2023-03-01,-1.7899999999999991
600889.XSHG,2023-03-01,-0.6899999999999977
688160.XSHG,2023-03-01,-0.8400000000000034
300379.XSHE,2023-03-01,-7.1200000000000045
688432.XSHG,2023-03-01,-0.40000000000000036
301167.XSHE,2023-03-01,-0.21000000000000085
600755.XSHG,2023-03-01,-5.960000000000008
002064.XSHE,2023-03-01,-1.1700000000000017
300199.XSHE,2023-03-01,-0.8299999999999983
002757.XSHE,2023-03-01,-3.5800000000000054
603217.XSHG,2023-03-01,-0.5899999999999892
688038.XSHG,2023-03-01,-0.9100000000000001
300680.XSHE,2023-03-01,-0.6199999999999903
002377.XSHE,2023-03-01,-0.08999999999999986
600354.XSHG,2023-03-01,-0.45000000000000284
002197.XSHE,2023-03-01,-0.5300000000000011
000932.XSHE,2023-03-01,-0.16000000000000014
603757.XSHG,2023-03-01,-1.1700000000000017
002142.XSHE,2023-03-01,-2.299999999999997
002250.XSHE,2023-03-01,-0.35999999999999943
300679.XSHE,2023-03-01,-0.6899999999999977
002818.XSHE,2023-03-01,-0.3500000000000014
603331.XSHG,2023-03-01,-0.23000000000000043
300273.XSHE,2023-03-01,-0.34999999999999964
603559.XSHG,2023-03-01,-1.3099999999999987
301132.XSHE,2023-03-01,-0.6500000000000021
300297.XSHE,2023-03-01,-0.08999999999999986
603848.XSHG,2023-03-01,-0.5399999999999991
601375.XSHG,2023-03-01,-0.040000000000000036
300573.XSHE,2023-03-01,-11.379999999999995
600513.XSHG,2023-03-01,-0.8999999999999915
601880.XSHG,2023-03-01,-0.02999999999999936
601216.XSHG,2023-03-01,-0.6200000000000045
002356.XSHE,2023-03-01,-0.060000000000002274
603926.XSHG,2023-03-01,-0.1999999999999993
300965.XSHE,2023-03-01,-1.4200000000000017
002166.XSHE,2023-03-01,-0.5800000000000125
000789.XSHE,2023-03-01,-0.7900000000000063
300988.XSHE,2023-03-01,-1.5
300711.XSHE,2023-03-01,-0.8500000000000014
000669.XSHE,2023-03-01,-0.13999999999999968
603906.XSHG,2023-03-01,-0.5700000000000003
600186.XSHG,2023-03-01,-0.10999999999999943
300835.XSHE,2023-03-01,-0.7700000000000102
600143.XSHG,2023-03-01,-0.6099999999999852
002518.XSHE,2023-03-01,-2.840000000000032
002336.XSHE,2023-03-01,-0.39000000000000057
003037.XSHE,2023-03-01,-0.09999999999999964
603369.XSHG,2023-03-01,-4.3700000000000045
600557.XSHG,2023-03-01,-5.549999999999983
603603.XSHG,2023-03-01,-0.03999999999999915
000546.XSHE,2023-03-01,-0.16000000000000014
605399.XSHG,2023-03-01,-0.4099999999999966
688511.XSHG,2023-03-01,-0.5799999999999983
300659.XSHE,2023-03-01,-4.269999999999996
000037.XSHE,2023-03-01,-0.46999999999999886
000532.XSHE,2023-03-01,-0.8699999999999974
300568.XSHE,2023-03-01,-2.2700000000000102
603303.XSHG,2023-03-01,-0.45000000000000284
002594.XSHE,2023-03-01,-7.900000000000034
002210.XSHE,2023-03-01,-0.1999999999999993
605300.XSHG,2023-03-01,-0.5500000000000007
002407.XSHE,2023-03-01,-2.3799999999999955
002072.XSHE,2023-03-01,-0.08999999999999986
002114.XSHE,2023-03-01,-0.16999999999999993
300257.XSHE,2023-03-01,-0.5800000000000125
002992.XSHE,2023-03-01,-0.5399999999999991
600990.XSHG,2023-03-01,-1.440000000000012
600398.XSHG,2023-03-01,-1.240000000000002
002443.XSHE,2023-03-01,-0.36999999999999744
603057.XSHG,2023-03-01,-0.509999999999998
002421.XSHE,2023-03-01,-3.0799999999999983
000923.XSHE,2023-03-01,-1.3300000000000018
600478.XSHG,2023-03-01,-0.8199999999999932
002981.XSHE,2023-03-01,-0.31999999999999673
002724.XSHE,2023-03-01,-1.009999999999998
600648.XSHG,2023-03-01,-0.8100000000000023
002297.XSHE,2023-03-01,-0.23999999999999844
002961.XSHE,2023-03-01,-0.11999999999999744
301213.XSHE,2023-03-01,-1.5200000000000031
600184.XSHG,2023-03-01,-0.5300000000000011
688073.XSHG,2023-03-01,-3.140000000000015
600655.XSHG,2023-03-01,-10.75
301316.XSHE,2023-03-01,-2.1900000000000013
002717.XSHE,2023-03-01,-1.6200000000000045
002526.XSHE,2023-03-01,-0.29999999999999893
605183.XSHG,2023-03-01,-0.2799999999999976
300345.XSHE,2023-03-01,-0.46999999999999886
301082.XSHE,2023-03-01,-0.1999999999999993
600277.XSHG,2023-03-01,-0.16000000000000014
600196.XSHG,2023-03-01,-5.269999999999982
301199.XSHE,2023-03-01,-0.35999999999999943
300759.XSHE,2023-03-01,-3.239999999999995
600696.XSHG,2023-03-01,-1.6500000000000057
688391.XSHG,2023-03-01,-1.259999999999991
002535.XSHE,2023-03-01,-0.09999999999999964
600141.XSHG,2023-03-01,-1.7700000000000102
603266.XSHG,2023-03-01,-0.48999999999999844
603768.XSHG,2023-03-01,-0.14999999999999858
300665.XSHE,2023-03-01,-0.2699999999999996
600997.XSHG,2023-03-01,-0.35999999999999943
688298.XSHG,2023-03-01,-0.269999999999996
002040.XSHE,2023-03-01,-0.14999999999999858
600967.XSHG,2023-03-01,-0.4299999999999997
300080.XSHE,2023-03-01,-0.26000000000000156
605319.XSHG,2023-03-01,-0.129999999999999
300994.XSHE,2023-03-01,-0.41999999999999815
688767.XSHG,2023-03-01,-0.23999999999999488
300523.XSHE,2023-03-01,-2.740000000000002
300638.XSHE,2023-03-01,-9.800000000000011
002822.XSHE,2023-03-01,-0.14000000000000057
002270.XSHE,2023-03-01,-0.16000000000000014
688351.XSHG,2023-03-01,-0.7199999999999989
000158.XSHE,2023-03-01,-0.6000000000000014
300469.XSHE,2023-03-01,-2.25
300840.XSHE,2023-03-01,-0.15000000000000036
603656.XSHG,2023-03-01,-0.48999999999999844
002752.XSHE,2023-03-01,-0.22000000000000064
603606.XSHG,2023-03-01,-1.0999999999999943
605507.XSHG,2023-03-01,-0.33000000000000185
001309.XSHE,2023-03-01,-2.240000000000002
605111.XSHG,2023-03-01,-1.8199999999999932
002344.XSHE,2023-03-01,-0.1700000000000017
300270.XSHE,2023-03-01,-2.1499999999999986
000421.XSHE,2023-03-01,-0.4200000000000017
002609.XSHE,2023-03-01,-1.6700000000000017
688112.XSHG,2023-03-01,-2.4499999999999886
000513.XSHE,2023-03-01,-4.6299999999999955
600576.XSHG,2023-03-01,-0.5100000000000016
600530.XSHG,2023-03-01,-0.129999999999999
300256.XSHE,2023-03-01,-0.08999999999999986
605268.XSHG,2023-03-01,-0.39000000000000057
600794.XSHG,2023-03-01,-1.0499999999999972
300569.XSHE,2023-03-01,-0.519999999999996
300718.XSHE,2023-03-01,-0.4200000000000017
600110.XSHG,2023-03-01,-0.4200000000000017
300057.XSHE,2023-03-01,-0.1999999999999993
603267.XSHG,2023-03-01,-2.2299999999999898
002502.XSHE,2023-03-01,-0.33000000000000185
000705.XSHE,2023-03-01,-0.39000000000000057
002513.XSHE,2023-03-01,-0.2700000000000031
300722.XSHE,2023-03-01,-1.7999999999999972
002141.XSHE,2023-03-01,-0.4000000000000057
301051.XSHE,2023-03-01,-1.1899999999999977
300817.XSHE,2023-03-01,-0.41000000000000014
603982.XSHG,2023-03-01,-0.3299999999999983
603878.XSHG,2023-03-01,-0.35999999999999943
002796.XSHE,2023-03-01,-0.46999999999999886
000690.XSHE,2023-03-01,-2.430000000000007
603825.XSHG,2023-03-01,-0.8699999999999974
003010.XSHE,2023-03-01,-0.25
002737.XSHE,2023-03-01,-3.700000000000003
601228.XSHG,2023-03-01,-0.029999999999999805
000913.XSHE,2023-03-01,-2.3200000000000074
000607.XSHE,2023-03-01,-0.8300000000000018
603586.XSHG,2023-03-01,-0.11999999999999744
000726.XSHE,2023-03-01,-0.5
002227.XSHE,2023-03-01,-0.46000000000000085
603836.XSHG,2023-03-01,-0.05000000000000071
000758.XSHE,2023-03-01,-0.8499999999999943
300865.XSHE,2023-03-01,-0.19000000000000128
300225.XSHE,2023-03-01,-0.6300000000000026
002179.XSHE,2023-03-01,-9.150000000000091
300134.XSHE,2023-03-01,-1.5600000000000023
688525.XSHG,2023-03-01,-0.7699999999999996
300189.XSHE,2023-03-01,-0.26000000000000156
002888.XSHE,2023-03-01,-0.6199999999999974
002980.XSHE,2023-03-01,-0.3999999999999986
601177.XSHG,2023-03-01,-0.06999999999999851
002791.XSHE,2023-03-01,-4.1200000000000045
300518.XSHE,2023-03-01,-1.3999999999999986
301308.XSHE,2023-03-01,-0.8700000000000045
002657.XSHE,2023-03-01,-3.5999999999999943
603949.XSHG,2023-03-01,-0.1999999999999993
688105.XSHG,2023-03-01,-0.0899999999999963
688428.XSHG,2023-03-01,-0.120000000000001
600503.XSHG,2023-03-01,-0.08999999999999986
300474.XSHE,2023-03-01,-10.680000000000007
002855.XSHE,2023-03-01,-0.15000000000000036
002671.XSHE,2023-03-01,-0.28000000000000114
300868.XSHE,2023-03-01,-0.13999999999999702
603337.XSHG,2023-03-01,-0.759999999999998
688208.XSHG,2023-03-01,-0.3300000000000054
688981.XSHG,2023-03-01,-0.44999999999999574
002163.XSHE,2023-03-01,-0.6499999999999986
300867.XSHE,2023-03-01,-0.3000000000000007
603071.XSHG,2023-03-01,-0.22999999999999687
001211.XSHE,2023-03-01,-0.2699999999999996
300342.XSHE,2023-03-01,-2.200000000000003
605158.XSHG,2023-03-01,-0.05999999999999872
301215.XSHE,2023-03-01,-0.17999999999999972
600715.XSHG,2023-03-01,-0.16000000000000014
600958.XSHG,2023-03-01,-0.3100000000000005
002650.XSHE,2023-03-01,-0.3299999999999983
601128.XSHG,2023-03-01,-0.17999999999999972
603726.XSHG,2023-03-01,-0.28999999999999915
002498.XSHE,2023-03-01,-0.3200000000000003
002593.XSHE,2023-03-01,-0.16999999999999993
688103.XSHG,2023-03-01,-0.4399999999999977
603037.XSHG,2023-03-01,-0.33999999999999986
300184.XSHE,2023-03-01,-0.9599999999999937
300689.XSHE,2023-03-01,-0.9499999999999957
601512.XSHG,2023-03-01,-0.35999999999999943
603281.XSHG,2023-03-01,-0.9699999999999989
688766.XSHG,2023-03-01,-1.75
603648.XSHG,2023-03-01,-0.13000000000000078
688420.XSHG,2023-03-01,-0.6099999999999994
600769.XSHG,2023-03-01,-0.490000000000002
301361.XSHE,2023-03-01,-0.25
600307.XSHG,2023-03-01,0.0
601369.XSHG,2023-03-01,-0.34999999999999787
600533.XSHG,2023-03-01,-0.769999999999996
603712.XSHG,2023-03-01,-0.19999999999999574
603126.XSHG,2023-03-01,-0.20000000000000107
601996.XSHG,2023-03-01,-0.1899999999999995
603956.XSHG,2023-03-01,-0.17999999999999972
002362.XSHE,2023-03-01,-8.159999999999997
688561.XSHG,2023-03-01,-3.190000000000012
603132.XSHG,2023-03-01,-0.08000000000000007
300632.XSHE,2023-03-01,-0.41000000000000014
600601.XSHG,2023-03-01,-424.8700000000008
000635.XSHE,2023-03-01,-0.8599999999999994
300684.XSHE,2023-03-01,-0.75
600751.XSHG,2023-03-01,-0.17999999999999972
601963.XSHG,2023-03-01,-0.05999999999999961
300052.XSHE,2023-03-01,-1.6199999999999974
002191.XSHE,2023-03-01,-0.740000000000002
688092.XSHG,2023-03-01,-0.5199999999999996
600376.XSHG,2023-03-01,-0.21000000000000085
600287.XSHG,2023-03-01,-0.5199999999999996
002669.XSHE,2023-03-01,-0.4100000000000037
600999.XSHG,2023-03-01,-0.5799999999999983
002923.XSHE,2023-03-01,-0.6499999999999986
002059.XSHE,2023-03-01,-0.20999999999999908
002134.XSHE,2023-03-01,-0.2400000000000002
300799.XSHE,2023-03-01,-5.0800000000000125
002156.XSHE,2023-03-01,-3.059999999999995
603203.XSHG,2023-03-01,-0.5300000000000011
300908.XSHE,2023-03-01,-0.05999999999999517
601877.XSHG,2023-03-01,-0.8200000000000003
601929.XSHG,2023-03-01,-0.1800000000000006
688519.XSHG,2023-03-01,-1.0
002765.XSHE,2023-03-01,-0.19000000000000128
002311.XSHE,2023-03-01,-4.67999999999995
688665.XSHG,2023-03-01,-4.200000000000003
688127.XSHG,2023-03-01,-0.8900000000000006
000721.XSHE,2023-03-01,-2.9499999999999886
600724.XSHG,2023-03-01,-1.2099999999999937
603110.XSHG,2023-03-01,-1.5700000000000074
002474.XSHE,2023-03-01,-1.75
001332.XSHE,2023-03-01,-2.019999999999996
301149.XSHE,2023-03-01,-0.09999999999999964
688246.XSHG,2023-03-01,-1.5
002322.XSHE,2023-03-01,-1.3300000000000054
603931.XSHG,2023-03-01,-1.5499999999999972
603797.XSHG,2023-03-01,-0.129999999999999
605189.XSHG,2023-03-01,-0.9599999999999973
002573.XSHE,2023-03-01,-0.4100000000000037
601019.XSHG,2023-03-01,-0.16000000000000014
002511.XSHE,2023-03-01,-1.0600000000000023
300530.XSHE,2023-03-01,-0.14000000000000057
002376.XSHE,2023-03-01,-0.769999999999996
603187.XSHG,2023-03-01,-1.0400000000000063
300453.XSHE,2023-03-01,-0.25
688309.XSHG,2023-03-01,-0.10999999999999943
603390.XSHG,2023-03-01,-0.08999999999999986
301331.XSHE,2023-03-01,-0.2700000000000031
300634.XSHE,2023-03-01,-1.389999999999997
600789.XSHG,2023-03-01,-0.1700000000000017
688067.XSHG,2023-03-01,-0.1700000000000017
600763.XSHG,2023-03-01,-2.509999999999991
002082.XSHE,2023-03-01,-0.34999999999999787
000666.XSHE,2023-03-01,-0.15000000000000213
301235.XSHE,2023-03-01,-0.10000000000000142
002117.XSHE,2023-03-01,-2.3599999999999994
601857.XSHG,2023-03-01,-0.10999999999999943
601992.XSHG,2023-03-01,-0.02999999999999936
688526.XSHG,2023-03-01,-0.21999999999999886
002714.XSHE,2023-03-01,-13.539999999999964
600731.XSHG,2023-03-01,-1.1700000000000017
601010.XSHG,2023-03-01,-0.09999999999999964
300163.XSHE,2023-03-01,-0.38000000000000256
300810.XSHE,2023-03-01,-0.5700000000000003
600676.XSHG,2023-03-01,-0.29000000000000625
300349.XSHE,2023-03-01,-1.4699999999999989
000543.XSHE,2023-03-01,-0.23000000000000043
000737.XSHE,2023-03-01,-1.0199999999999996
688389.XSHG,2023-03-01,-1.3999999999999986
002358.XSHE,2023-03-01,-0.6000000000000014
002685.XSHE,2023-03-01,-0.16999999999999993
600552.XSHG,2023-03-01,-0.8300000000000125
603938.XSHG,2023-03-01,-0.25
603709.XSHG,2023-03-01,-0.14999999999999858
000061.XSHE,2023-03-01,-1.1199999999999761
002738.XSHE,2023-03-01,-2.5999999999999943
002835.XSHE,2023-03-01,-1.4099999999999966
002605.XSHE,2023-03-01,-1.8500000000000085
601333.XSHG,2023-03-01,-0.1200000000000001
688162.XSHG,2023-03-01,-1.2700000000000031
600467.XSHG,2023-03-01,-0.370000000000001
002409.XSHE,2023-03-01,-1.2399999999999807
600575.XSHG,2023-03-01,-0.740000000000002
300375.XSHE,2023-03-01,-0.2699999999999996
000973.XSHE,2023-03-01,-0.10999999999999943
300209.XSHE,2023-03-01,-0.5199999999999996
002025.XSHE,2023-03-01,-3.490000000000009
300101.XSHE,2023-03-01,-3.269999999999982
002991.XSHE,2023-03-01,-2.0900000000000034
002050.XSHE,2023-03-01,-3.8600000000000136
300286.XSHE,2023-03-01,-12.970000000000027
601601.XSHG,2023-03-01,-1.9099999999999966
688328.XSHG,2023-03-01,-0.5300000000000011
601696.XSHG,2023-03-01,-0.09999999999999964
688029.XSHG,2023-03-01,-0.7800000000000011
603315.XSHG,2023-03-01,-0.17999999999999972
688226.XSHG,2023-03-01,-0.3500000000000014
600550.XSHG,2023-03-01,-0.29999999999999716
600079.XSHG,2023-03-01,-5.300000000000011
600312.XSHG,2023-03-01,-1.519999999999996
600392.XSHG,2023-03-01,-2.4799999999999898
688628.XSHG,2023-03-01,-0.6700000000000017
301321.XSHE,2023-03-01,-0.40000000000000213
002262.XSHE,2023-03-01,-1.8300000000000125
002430.XSHE,2023-03-01,-2.3499999999999943
688122.XSHG,2023-03-01,-0.7399999999999949
000927.XSHE,2023-03-01,-0.08000000000000007
601318.XSHG,2023-03-01,-5.349999999999994
600529.XSHG,2023-03-01,-1.2199999999999989
600081.XSHG,2023-03-01,-0.5799999999999983
300502.XSHE,2023-03-01,-7.5
600936.XSHG,2023-03-01,-0.1299999999999999
688728.XSHG,2023-03-01,-0.03999999999999915
600707.XSHG,2023-03-01,-0.16000000000000014
301177.XSHE,2023-03-01,-2.059999999999995
300306.XSHE,2023-03-01,-2.1199999999999974
600151.XSHG,2023-03-01,-0.4299999999999997
300584.XSHE,2023-03-01,-0.44999999999999574
300528.XSHE,2023-03-01,-0.16999999999999993
603083.XSHG,2023-03-01,-3.980000000000004
000983.XSHE,2023-03-01,-2.0600000000000023
000778.XSHE,2023-03-01,-0.3100000000000023
002915.XSHE,2023-03-01,-0.9399999999999977
000953.XSHE,2023-03-01,-0.10999999999999943
002891.XSHE,2023-03-01,-0.5399999999999991
600366.XSHG,2023-03-01,-1.089999999999975
000411.XSHE,2023-03-01,-0.3400000000000034
000712.XSHE,2023-03-01,-3.030000000000001
300381.XSHE,2023-03-01,-0.4399999999999977
688300.XSHG,2023-03-01,-0.5499999999999972
300542.XSHE,2023-03-01,-2.009999999999998
002426.XSHE,2023-03-01,-0.3100000000000005
600483.XSHG,2023-03-01,-0.8500000000000014
301098.XSHE,2023-03-01,-0.26000000000000156
600884.XSHG,2023-03-01,-11.709999999999923
002805.XSHE,2023-03-01,-0.4099999999999966
600803.XSHG,2023-03-01,-5.199999999999989
600395.XSHG,2023-03-01,-0.6499999999999986
000738.XSHE,2023-03-01,-0.3500000000000014
300856.XSHE,2023-03-01,-0.269999999999996
300447.XSHE,2023-03-01,-2.1299999999999955
603286.XSHG,2023-03-01,-0.5799999999999983
603676.XSHG,2023-03-01,-0.5999999999999979
605117.XSHG,2023-03-01,-2.590000000000032
688700.XSHG,2023-03-01,-0.6599999999999966
601101.XSHG,2023-03-01,-1.0199999999999996
688079.XSHG,2023-03-01,-0.28999999999999915
300193.XSHE,2023-03-01,-0.4599999999999973
600824.XSHG,2023-03-01,-1.0
300884.XSHE,2023-03-01,-0.620000000000001
300500.XSHE,2023-03-01,-0.5999999999999943
603596.XSHG,2023-03-01,-0.269999999999996
688362.XSHG,2023-03-01,-1.0500000000000007
300853.XSHE,2023-03-01,-1.4699999999999989
002320.XSHE,2023-03-01,-0.8199999999999932
603801.XSHG,2023-03-01,-2.700000000000003
001313.XSHE,2023-03-01,-0.120000000000001
300765.XSHE,2023-03-01,-0.75
688529.XSHG,2023-03-01,-0.46999999999999886
603628.XSHG,2023-03-01,-0.21000000000000085
000852.XSHE,2023-03-01,-0.27999999999999403
600615.XSHG,2023-03-01,-11.17999999999995
603095.XSHG,2023-03-01,-0.14999999999999858
600865.XSHG,2023-03-01,-0.1700000000000017
600597.XSHG,2023-03-01,-0.16999999999999815
002268.XSHE,2023-03-01,-28.04000000000002
688496.XSHG,2023-03-01,-0.28999999999999915
600470.XSHG,2023-03-01,-0.120000000000001
300733.XSHE,2023-03-01,-0.259999999999998
605169.XSHG,2023-03-01,-0.16999999999999815
300319.XSHE,2023-03-01,-2.75
300616.XSHE,2023-03-01,-1.7199999999999989
300858.XSHE,2023-03-01,-0.7199999999999989
000560.XSHE,2023-03-01,-0.639999999999997
002520.XSHE,2023-03-01,-1.960000000000008
300717.XSHE,2023-03-01,-0.5599999999999987
603003.XSHG,2023-03-01,-0.33000000000000007
603015.XSHG,2023-03-01,-1.1999999999999993
301105.XSHE,2023-03-01,-0.38000000000000256
603167.XSHG,2023-03-01,-0.05000000000000071
300465.XSHE,2023-03-01,-0.9999999999999964
002015.XSHE,2023-03-01,-0.6799999999999926
300461.XSHE,2023-03-01,-0.75
600234.XSHG,2023-03-01,-0.14000000000000057
688098.XSHG,2023-03-01,-0.040000000000000924
002851.XSHE,2023-03-01,-0.9699999999999989
601933.XSHG,2023-03-01,-0.2799999999999976
002687.XSHE,2023-03-01,-0.3200000000000003
300477.XSHE,2023-03-01,-0.8399999999999963
002861.XSHE,2023-03-01,-1.1600000000000001
600393.XSHG,2023-03-01,-0.19000000000000128
605089.XSHG,2023-03-01,-0.9100000000000108
002265.XSHE,2023-03-01,-0.23000000000000043
688313.XSHG,2023-03-01,-0.5700000000000003
301288.XSHE,2023-03-01,-0.17999999999999972
688244.XSHG,2023-03-01,-3.809999999999995
600836.XSHG,2023-03-01,-1.8900000000000006
600543.XSHG,2023-03-01,-0.13000000000000078
002843.XSHE,2023-03-01,-0.7100000000000009
600510.XSHG,2023-03-01,-0.4299999999999997
003009.XSHE,2023-03-01,-1.1400000000000006
600021.XSHG,2023-03-01,-0.1999999999999993
300936.XSHE,2023-03-01,-0.8099999999999952
300130.XSHE,2023-03-01,-7.790000000000006
002748.XSHE,2023-03-01,-0.6000000000000014
605001.XSHG,2023-03-01,-0.09999999999999964
300642.XSHE,2023-03-01,-0.9599999999999937
300284.XSHE,2023-03-01,-0.39000000000000057
300072.XSHE,2023-03-01,-0.6099999999999994
600435.XSHG,2023-03-01,-1.9000000000000057
600839.XSHG,2023-03-01,-1.6400000000000006
600956.XSHG,2023-03-01,-0.02999999999999936
000557.XSHE,2023-03-01,-1.0700000000000003
002131.XSHE,2023-03-01,-3.960000000000008
300790.XSHE,2023-03-01,-0.9399999999999977
603179.XSHG,2023-03-01,-0.4900000000000091
605080.XSHG,2023-03-01,-0.4399999999999977
301368.XSHE,2023-03-01,-0.4800000000000004
600261.XSHG,2023-03-01,-0.4399999999999977
603633.XSHG,2023-03-01,-0.5799999999999983
600685.XSHG,2023-03-01,-0.7199999999999989
688679.XSHG,2023-03-01,-0.2599999999999998
601636.XSHG,2023-03-01,-1.0100000000000051
600658.XSHG,2023-03-01,-0.5
603060.XSHG,2023-03-01,-0.5499999999999972
002701.XSHE,2023-03-01,-0.18999999999999773
301223.XSHE,2023-03-01,-0.2699999999999996
603477.XSHG,2023-03-01,-0.629999999999999
603677.XSHG,2023-03-01,-0.6400000000000006
605069.XSHG,2023-03-01,-0.08000000000000007
002584.XSHE,2023-03-01,-0.18999999999999773
600272.XSHG,2023-03-01,-0.09999999999999964
000010.XSHE,2023-03-01,-0.6600000000000037
300768.XSHE,2023-03-01,-1.8200000000000003
601022.XSHG,2023-03-01,-0.14000000000000057
688176.XSHG,2023-03-01,-0.4299999999999997
603117.XSHG,2023-03-01,-0.040000000000000036
600025.XSHG,2023-03-01,-0.049999999999998934
605259.XSHG,2023-03-01,-0.28999999999999915
605589.XSHG,2023-03-01,-0.19000000000000128
300871.XSHE,2023-03-01,-0.28000000000000114
600499.XSHG,2023-03-01,-2.410000000000025
002606.XSHE,2023-03-01,-0.509999999999998
002216.XSHE,2023-03-01,-1.6299999999999955
003025.XSHE,2023-03-01,-0.480000000000004
603068.XSHG,2023-03-01,-0.39000000000000057
688196.XSHG,2023-03-01,-1.8100000000000023
601198.XSHG,2023-03-01,-0.05999999999999872
600640.XSHG,2023-03-01,-5.359999999999999
603317.XSHG,2023-03-01,-0.4299999999999997
001269.XSHE,2023-03-01,-5.0
600348.XSHG,2023-03-01,-0.8800000000000239
600660.XSHG,2023-03-01,-35.5
688697.XSHG,2023-03-01,-0.6799999999999997
301043.XSHE,2023-03-01,-0.40000000000000213
300520.XSHE,2023-03-01,-4.140000000000001
002798.XSHE,2023-03-01,-0.9199999999999982
000555.XSHE,2023-03-01,-1.5500000000000043
600491.XSHG,2023-03-01,-0.5499999999999972
603032.XSHG,2023-03-01,-1.1700000000000017
603815.XSHG,2023-03-01,-0.10999999999999943
300861.XSHE,2023-03-01,-0.8900000000000006
300750.XSHE,2023-03-01,-8.800000000000011
002847.XSHE,2023-03-01,-3.549999999999983
688252.XSHG,2023-03-01,-0.39000000000000057
300652.XSHE,2023-03-01,-0.5100000000000016
601515.XSHG,2023-03-01,-0.17999999999999972
300039.XSHE,2023-03-01,-4.099999999999994
002862.XSHE,2023-03-01,-0.9299999999999997
002378.XSHE,2023-03-01,-0.38000000000000256
300891.XSHE,2023-03-01,-0.41999999999999993
603877.XSHG,2023-03-01,-0.7899999999999991
002108.XSHE,2023-03-01,-1.730000000000004
300860.XSHE,2023-03-01,-1.1499999999999915
600886.XSHG,2023-03-01,-5.050000000000068
600590.XSHG,2023-03-01,-0.360000000000003
001228.XSHE,2023-03-01,-0.269999999999996
603042.XSHG,2023-03-01,0.0
603706.XSHG,2023-03-01,-0.1700000000000017
002940.XSHE,2023-03-01,-1.0499999999999972
003004.XSHE,2023-03-01,-0.6300000000000026
002683.XSHE,2023-03-01,-0.5799999999999983
003019.XSHE,2023-03-01,-0.6699999999999982
002120.XSHE,2023-03-01,-1.519999999999996
600008.XSHG,2023-03-01,-0.4400000000000013
002642.XSHE,2023-03-01,-1.6199999999999974
301023.XSHE,2023-03-01,-0.730000000000004
300849.XSHE,2023-03-01,-0.23000000000000043
002075.XSHE,2023-03-01,-0.05999999999999872
600610.XSHG,2023-03-01,-4.6299999999999955
300114.XSHE,2023-03-01,-4.779999999999973
603328.XSHG,2023-03-01,-0.26000000000000156
688020.XSHG,2023-03-01,-5.47999999999999
601607.XSHG,2023-03-01,-0.17999999999999972
603818.XSHG,2023-03-01,-0.22000000000000064
603897.XSHG,2023-03-01,-0.3000000000000007
605365.XSHG,2023-03-01,-0.08999999999999986
300088.XSHE,2023-03-01,-3.5
000639.XSHE,2023-03-01,-0.6599999999999966
600390.XSHG,2023-03-01,-0.37999999999999545
300815.XSHE,2023-03-01,-0.39000000000000057
300153.XSHE,2023-03-01,-0.44000000000000483
000707.XSHE,2023-03-01,-0.4100000000000037
300824.XSHE,2023-03-01,-0.28000000000000114
600988.XSHG,2023-03-01,-1.2000000000000028
002365.XSHE,2023-03-01,-0.4099999999999966
603297.XSHG,2023-03-01,-5.579999999999998
601199.XSHG,2023-03-01,-0.46000000000000085
603192.XSHG,2023-03-01,-0.35999999999999943
600809.XSHG,2023-03-01,-27.569999999999936
300120.XSHE,2023-03-01,-0.17999999999999972
002126.XSHE,2023-03-01,-1.1800000000000068
605388.XSHG,2023-03-01,-0.11000000000000298
000985.XSHE,2023-03-01,-0.5500000000000007
301198.XSHE,2023-03-01,-2.299999999999997
300491.XSHE,2023-03-01,-0.4000000000000057
688360.XSHG,2023-03-01,-0.3500000000000014
300249.XSHE,2023-03-01,-1.7899999999999991
300887.XSHE,2023-03-01,-1.8100000000000023
002978.XSHE,2023-03-01,-1.7199999999999989
601801.XSHG,2023-03-01,-0.2699999999999996
300476.XSHE,2023-03-01,-3.9200000000000017
605090.XSHG,2023-03-01,-0.7100000000000009
603307.XSHG,2023-03-01,-0.01999999999999602
002561.XSHE,2023-03-01,-0.09999999999999964
603018.XSHG,2023-03-01,-1.1499999999999986
000629.XSHE,2023-03-01,-0.46999999999999886
600766.XSHG,2023-03-01,-2.1599999999999966
688271.XSHG,2023-03-01,-0.539999999999992
300175.XSHE,2023-03-01,-0.35999999999999943
000617.XSHE,2023-03-01,-0.6799999999999997
601008.XSHG,2023-03-01,-0.08000000000000007
000966.XSHE,2023-03-01,-0.16000000000000014
603206.XSHG,2023-03-01,-1.7199999999999989
301335.XSHE,2023-03-01,-0.240000000000002
300710.XSHE,2023-03-01,-1.6999999999999957
688111.XSHG,2023-03-01,-12.069999999999993
605151.XSHG,2023-03-01,-0.26000000000000156
002448.XSHE,2023-03-01,-0.28999999999999915
603666.XSHG,2023-03-01,-2.8500000000000085
300159.XSHE,2023-03-01,-1.1099999999999994
688365.XSHG,2023-03-01,-1.3000000000000007
002137.XSHE,2023-03-01,-0.7000000000000028
002660.XSHE,2023-03-01,-0.240000000000002
002168.XSHE,2023-03-01,-2.4099999999999966
001288.XSHE,2023-03-01,-0.09999999999999787
002135.XSHE,2023-03-01,-0.3099999999999987
002569.XSHE,2023-03-01,-0.040000000000000924
300995.XSHE,2023-03-01,-0.23000000000000043
600600.XSHG,2023-03-01,-3.759999999999991
002020.XSHE,2023-03-01,-2.530000000000001
603687.XSHG,2023-03-01,-0.379999999999999
600285.XSHG,2023-03-01,-0.9299999999999926
000823.XSHE,2023-03-01,-0.6099999999999994
688097.XSHG,2023-03-01,-0.38000000000000256
300894.XSHE,2023-03-01,-1.25
603036.XSHG,2023-03-01,-0.2400000000000002
002832.XSHE,2023-03-01,-1.5900000000000034
002807.XSHE,2023-03-01,-0.05999999999999961
300743.XSHE,2023-03-01,-1.0
301391.XSHE,2023-03-01,-7.150000000000006
000598.XSHE,2023-03-01,-0.5799999999999841
002384.XSHE,2023-03-01,-1.4099999999999966
603500.XSHG,2023-03-01,-0.2099999999999973
300803.XSHE,2023-03-01,-1.5500000000000043
600771.XSHG,2023-03-01,-4.170000000000016
605377.XSHG,2023-03-01,-0.740000000000002
300192.XSHE,2023-03-01,-1.5700000000000003
300218.XSHE,2023-03-01,-0.3999999999999986
601500.XSHG,2023-03-01,-0.009999999999999787
300490.XSHE,2023-03-01,-0.46999999999999886
000552.XSHE,2023-03-01,-0.21999999999999886
002395.XSHE,2023-03-01,-0.39000000000000057
603790.XSHG,2023-03-01,-0.14999999999999858
001229.XSHE,2023-03-01,-3.2699999999999996
002091.XSHE,2023-03-01,-0.8000000000000043
603980.XSHG,2023-03-01,-0.030000000000001137
600009.XSHG,2023-03-01,-0.9899999999999807
300895.XSHE,2023-03-01,-3.1499999999999986
300480.XSHE,2023-03-01,-1.6099999999999994
002679.XSHE,2023-03-01,-0.3100000000000023
600682.XSHG,2023-03-01,-1.2199999999999989
000060.XSHE,2023-03-01,-6.289999999999992
688022.XSHG,2023-03-01,-2.0900000000000034
600508.XSHG,2023-03-01,-0.45999999999999375
300355.XSHE,2023-03-01,-0.5999999999999943
600066.XSHG,2023-03-01,-6.939999999999998
603353.XSHG,2023-03-01,-0.16999999999999815
300031.XSHE,2023-03-01,-5.719999999999999
600120.XSHG,2023-03-01,-2.3700000000000045
301231.XSHE,2023-03-01,-1.3300000000000018
300010.XSHE,2023-03-01,-0.41000000000000014
603367.XSHG,2023-03-01,-0.0600000000000005
600311.XSHG,2023-03-01,0.0
002782.XSHE,2023-03-01,-1.3999999999999986
002457.XSHE,2023-03-01,-0.28999999999999915
003033.XSHE,2023-03-01,-0.46000000000000085
002048.XSHE,2023-03-01,-2.1499999999999915
003038.XSHE,2023-03-01,-0.6699999999999946
002501.XSHE,2023-03-01,-0.22000000000000064
603577.XSHG,2023-03-01,-0.08999999999999986
000683.XSHE,2023-03-01,-0.8400000000000034
000565.XSHE,2023-03-01,-0.9200000000000017
000877.XSHE,2023-03-01,-1.2800000000000011
600415.XSHG,2023-03-01,-1.25
600482.XSHG,2023-03-01,-0.17999999999999972
002601.XSHE,2023-03-01,-2.4799999999999898
688229.XSHG,2023-03-01,-2.280000000000001
688255.XSHG,2023-03-01,-1.3300000000000054
300332.XSHE,2023-03-01,-0.3100000000000023
300937.XSHE,2023-03-01,-0.3400000000000034
000056.XSHE,2023-03-01,-0.14000000000000057
000584.XSHE,2023-03-01,-1.4600000000000009
002368.XSHE,2023-03-01,-20.340000000000003
002055.XSHE,2023-03-01,-1.1900000000000048
300841.XSHE,2023-03-01,-4.719999999999999
002926.XSHE,2023-03-01,-0.16000000000000014
002213.XSHE,2023-03-01,-0.269999999999996
002098.XSHE,2023-03-01,-0.16000000000000014
300382.XSHE,2023-03-01,-7.719999999999999
600199.XSHG,2023-03-01,-1.9399999999999977
600176.XSHG,2023-03-01,-8.200000000000045
002895.XSHE,2023-03-01,-0.6599999999999966
600822.XSHG,2023-03-01,-0.240000000000002
301155.XSHE,2023-03-01,-0.4900000000000091
300158.XSHE,2023-03-01,-1.0
002222.XSHE,2023-03-01,-0.7800000000000011
300907.XSHE,2023-03-01,-0.28000000000000114
600337.XSHG,2023-03-01,-0.9699999999999989
688052.XSHG,2023-03-01,-2.9600000000000364
600764.XSHG,2023-03-01,-2.0900000000000034
600016.XSHG,2023-03-01,-0.9099999999999966
600628.XSHG,2023-03-01,-4.3700000000000045
600657.XSHG,2023-03-01,-0.8400000000000034
601882.XSHG,2023-03-01,-0.6100000000000065
600372.XSHG,2023-03-01,-0.28000000000000114
002936.XSHE,2023-03-01,-0.040000000000000036
300405.XSHE,2023-03-01,-0.38000000000000256
300855.XSHE,2023-03-01,-0.9499999999999886
600000.XSHG,2023-03-01,-1.3299999999999983
002083.XSHE,2023-03-01,-0.08000000000000007
000682.XSHE,2023-03-01,-2.069999999999993
003023.XSHE,2023-03-01,-0.38000000000000256
000902.XSHE,2023-03-01,-0.7299999999999969
601006.XSHG,2023-03-01,-0.20000000000000107
688578.XSHG,2023-03-01,-0.629999999999999
300603.XSHE,2023-03-01,-0.8800000000000026
600538.XSHG,2023-03-01,-0.08999999999999986
301263.XSHE,2023-03-01,-0.35999999999999943
600637.XSHG,2023-03-01,-0.1600000000000037
601330.XSHG,2023-03-01,-0.05999999999999961
301130.XSHE,2023-03-01,-0.41000000000000014
603027.XSHG,2023-03-01,-2.5800000000000125
600444.XSHG,2023-03-01,-0.23000000000000043
002190.XSHE,2023-03-01,-1.2199999999999989
688793.XSHG,2023-03-01,-1.4299999999999997
300850.XSHE,2023-03-01,-1.0999999999999943
002634.XSHE,2023-03-01,-1.4799999999999898
000058.XSHE,2023-03-01,-0.3299999999999983
003000.XSHE,2023-03-01,-1.1399999999999988
002224.XSHE,2023-03-01,-0.4899999999999949
300927.XSHE,2023-03-01,-0.7700000000000031
300200.XSHE,2023-03-01,-0.4399999999999977
600315.XSHG,2023-03-01,-1.3900000000000148
002848.XSHE,2023-03-01,-0.75
600281.XSHG,2023-03-01,-0.05999999999999872
002063.XSHE,2023-03-01,-8.0
600150.XSHG,2023-03-01,-2.2099999999999937
603136.XSHG,2023-03-01,-0.6300000000000097
003013.XSHE,2023-03-01,-0.3500000000000014
300541.XSHE,2023-03-01,-1.5300000000000011
601618.XSHG,2023-03-01,-0.10000000000000053
300723.XSHE,2023-03-01,-0.7400000000000091
300162.XSHE,2023-03-01,-1.1100000000000065
688737.XSHG,2023-03-01,-1.1900000000000048
002291.XSHE,2023-03-01,-0.40000000000000213
300482.XSHE,2023-03-01,-1.6899999999999977
688331.XSHG,2023-03-01,-2.1499999999999915
300315.XSHE,2023-03-01,-2.4499999999999957
603909.XSHG,2023-03-01,-1.8599999999999994
688618.XSHG,2023-03-01,-7.230000000000004
002207.XSHE,2023-03-01,-0.3299999999999983
603324.XSHG,2023-03-01,-0.2700000000000031
600257.XSHG,2023-03-01,-0.519999999999996
600765.XSHG,2023-03-01,-2.5500000000000114
688500.XSHG,2023-03-01,-1.4100000000000001
002522.XSHE,2023-03-01,-0.6000000000000014
002379.XSHE,2023-03-01,-0.4099999999999966
600409.XSHG,2023-03-01,-0.35999999999999943
600117.XSHG,2023-03-01,-0.05999999999999872
300412.XSHE,2023-03-01,-0.5700000000000003
002199.XSHE,2023-03-01,-0.7100000000000009
601162.XSHG,2023-03-01,-0.04999999999999982
600982.XSHG,2023-03-01,-0.08999999999999986
001896.XSHE,2023-03-01,-0.040000000000000036
603290.XSHG,2023-03-01,-3.170000000000016
300575.XSHE,2023-03-01,-1.0799999999999983
003006.XSHE,2023-03-01,-0.259999999999998
605088.XSHG,2023-03-01,-0.16000000000000014
002626.XSHE,2023-03-01,-3.0600000000000023
603759.XSHG,2023-03-01,-0.13000000000000078
600609.XSHG,2023-03-01,-1.3799999999999955
002505.XSHE,2023-03-01,-0.29999999999999716
002425.XSHE,2023-03-01,-0.759999999999998
002434.XSHE,2023-03-01,-0.3499999999999943
603392.XSHG,2023-03-01,-2.8400000000000034
688366.XSHG,2023-03-01,-1.8299999999999983
600241.XSHG,2023-03-01,-0.15000000000000213
688078.XSHG,2023-03-01,-3.4299999999999997
300581.XSHE,2023-03-01,-1.8700000000000045
688358.XSHG,2023-03-01,-0.18999999999999773
001234.XSHE,2023-03-01,-0.6899999999999977
002432.XSHE,2023-03-01,-1.1500000000000057
301138.XSHE,2023-03-01,-0.259999999999998
002115.XSHE,2023-03-01,-1.1799999999999997
600635.XSHG,2023-03-01,-3.2900000000000773
301073.XSHE,2023-03-01,-1.6299999999999955
002133.XSHE,2023-03-01,-0.120000000000001
002422.XSHE,2023-03-01,-3.8500000000000227
300898.XSHE,2023-03-01,-0.379999999999999
600721.XSHG,2023-03-01,-0.07000000000000028
603811.XSHG,2023-03-01,-0.6899999999999977
003026.XSHE,2023-03-01,-0.5700000000000003
301035.XSHE,2023-03-01,-0.9899999999999949
601166.XSHG,2023-03-01,-1.1799999999999926
002053.XSHE,2023-03-01,-0.33000000000000185
600712.XSHG,2023-03-01,-0.18999999999999773
600844.XSHG,2023-03-01,-0.14000000000000057
002820.XSHE,2023-03-01,-0.33000000000000185
000553.XSHE,2023-03-01,-0.4200000000000017
000595.XSHE,2023-03-01,-0.30999999999999517
002116.XSHE,2023-03-01,-1.230000000000004
002713.XSHE,2023-03-01,-1.2800000000000011
002062.XSHE,2023-03-01,-0.6999999999999957
002345.XSHE,2023-03-01,-1.7000000000000028
300229.XSHE,2023-03-01,-0.75
300982.XSHE,2023-03-01,-0.6000000000000085
300253.XSHE,2023-03-01,-4.229999999999961
002957.XSHE,2023-03-01,-0.33000000000000185
600969.XSHG,2023-03-01,-0.1700000000000017
600469.XSHG,2023-03-01,-0.20999999999999908
600246.XSHG,2023-03-01,-0.8799999999999955
300318.XSHE,2023-03-01,-0.25
688013.XSHG,2023-03-01,-0.75
300793.XSHE,2023-03-01,-1.5700000000000003
002272.XSHE,2023-03-01,-0.6199999999999974
300245.XSHE,2023-03-01,-1.5600000000000023
688630.XSHG,2023-03-01,-2.5
603898.XSHG,2023-03-01,-0.20000000000000284
688232.XSHG,2023-03-01,-3.520000000000003
301185.XSHE,2023-03-01,-0.6400000000000006
300308.XSHE,2023-03-01,-2.8600000000000136
002014.XSHE,2023-03-01,-0.8499999999999943
688035.XSHG,2023-03-01,-1.0600000000000094
002236.XSHE,2023-03-01,-46.960000000000036
002386.XSHE,2023-03-01,-0.19000000000000128
002256.XSHE,2023-03-01,-0.6099999999999994
300842.XSHE,2023-03-01,-0.4200000000000017
603059.XSHG,2023-03-01,-0.5700000000000003
003011.XSHE,2023-03-01,-0.37000000000000455
002753.XSHE,2023-03-01,-0.14999999999999858
301379.XSHE,2023-03-01,-0.370000000000001
603102.XSHG,2023-03-01,-1.230000000000004
600061.XSHG,2023-03-01,-1.1299999999999955
600400.XSHG,2023-03-01,-0.7800000000000011
002670.XSHE,2023-03-01,-0.379999999999999
002318.XSHE,2023-03-01,-0.23999999999999488
300688.XSHE,2023-03-01,-0.7000000000000028
002451.XSHE,2023-03-01,-0.46000000000000085
603615.XSHG,2023-03-01,-0.0600000000000005
001283.XSHE,2023-03-01,-1.220000000000006
301153.XSHE,2023-03-01,-3.8400000000000034
300059.XSHE,2023-03-01,-32.27999999999997
600020.XSHG,2023-03-01,-0.129999999999999
301125.XSHE,2023-03-01,-0.3200000000000003
603009.XSHG,2023-03-01,-0.4200000000000017
300353.XSHE,2023-03-01,-1.6400000000000006
603858.XSHG,2023-03-01,-0.46000000000000085
301191.XSHE,2023-03-01,-1.3199999999999932
301228.XSHE,2023-03-01,-0.14000000000000057
603038.XSHG,2023-03-01,-0.3500000000000014
603196.XSHG,2023-03-01,-0.22000000000000064
605287.XSHG,2023-03-01,-0.16000000000000014
300745.XSHE,2023-03-01,-0.8300000000000054
300143.XSHE,2023-03-01,-0.25
300132.XSHE,2023-03-01,-0.8500000000000014
600101.XSHG,2023-03-01,-0.36999999999999034
603602.XSHG,2023-03-01,-0.8200000000000003
601099.XSHG,2023-03-01,-0.11000000000000032
002095.XSHE,2023-03-01,-1.8599999999999994
300941.XSHE,2023-03-01,-2.469999999999999
600816.XSHG,2023-03-01,-0.6499999999999773
688155.XSHG,2023-03-01,-1.1799999999999997
002906.XSHE,2023-03-01,-0.5
300682.XSHE,2023-03-01,-1.6399999999999935
300235.XSHE,2023-03-01,-1.4200000000000017
603660.XSHG,2023-03-01,-1.3100000000000005
000869.XSHE,2023-03-01,-1.5800000000000125
300731.XSHE,2023-03-01,-0.6999999999999993
300121.XSHE,2023-03-01,-0.7000000000000028
600835.XSHG,2023-03-01,-2.3799999999999955
002517.XSHE,2023-03-01,-4.369999999999997
300753.XSHE,2023-03-01,-0.3100000000000023
300889.XSHE,2023-03-01,-0.2599999999999998
601368.XSHG,2023-03-01,-0.03000000000000025
688023.XSHG,2023-03-01,-11.099999999999994
300592.XSHE,2023-03-01,-0.620000000000001
600515.XSHG,2023-03-01,-0.22999999999999865
300198.XSHE,2023-03-01,-0.4099999999999966
002361.XSHE,2023-03-01,-0.5600000000000023
300250.XSHE,2023-03-01,-4.590000000000003
603005.XSHG,2023-03-01,-1.1899999999999977
300576.XSHE,2023-03-01,-1.8099999999999952
002481.XSHE,2023-03-01,-0.5600000000000023
605567.XSHG,2023-03-01,-0.10999999999999943
002766.XSHE,2023-03-01,-0.2400000000000002
603867.XSHG,2023-03-01,-1.009999999999998
603506.XSHG,2023-03-01,-0.3300000000000054
688095.XSHG,2023-03-01,-14.170000000000002
000590.XSHE,2023-03-01,-0.980000000000004
600039.XSHG,2023-03-01,-4.459999999999994
001212.XSHE,2023-03-01,-0.490000000000002
002428.XSHE,2023-03-01,-1.1600000000000037
603659.XSHG,2023-03-01,-3.3600000000000136
601921.XSHG,2023-03-01,-0.14000000000000057
002146.XSHE,2023-03-01,-0.23999999999999844
300703.XSHE,2023-03-01,-0.5899999999999999
300669.XSHE,2023-03-01,-0.21000000000000085
600581.XSHG,2023-03-01,-0.3299999999999983
301069.XSHE,2023-03-01,-0.36999999999999744
300036.XSHE,2023-03-01,-6.040000000000006
603079.XSHG,2023-03-01,-0.05999999999999872
000751.XSHE,2023-03-01,-0.16999999999999993
300537.XSHE,2023-03-01,-0.39000000000000057
600085.XSHG,2023-03-01,-11.150000000000091
300283.XSHE,2023-03-01,-0.5
301018.XSHE,2023-03-01,-0.7800000000000011
603739.XSHG,2023-03-01,-0.19000000000000128
603728.XSHG,2023-03-01,-1.0
688290.XSHG,2023-03-01,-7.189999999999998
002039.XSHE,2023-03-01,-0.6899999999999977
600928.XSHG,2023-03-01,-0.040000000000000036
300133.XSHE,2023-03-01,-5.6200000000000045
000886.XSHE,2023-03-01,-0.4299999999999997
300844.XSHE,2023-03-01,-0.9299999999999997
688257.XSHG,2023-03-01,-0.8200000000000003
002773.XSHE,2023-03-01,-0.5799999999999983
300942.XSHE,2023-03-01,-0.08999999999999986
300973.XSHE,2023-03-01,-0.9299999999999926
601399.XSHG,2023-03-01,-0.040000000000000036
300339.XSHE,2023-03-01,-6.319999999999993
600371.XSHG,2023-03-01,-0.4399999999999977
300369.XSHE,2023-03-01,-7.390000000000001
600566.XSHG,2023-03-01,-2.450000000000003
300328.XSHE,2023-03-01,-0.6099999999999994
301363.XSHE,2023-03-01,-1.3999999999999986
603323.XSHG,2023-03-01,-0.019999999999999574
000903.XSHE,2023-03-01,-0.240000000000002
300976.XSHE,2023-03-01,-0.9899999999999949
301221.XSHE,2023-03-01,-2.509999999999998
603316.XSHG,2023-03-01,-0.19000000000000128
300275.XSHE,2023-03-01,-1.759999999999998
001218.XSHE,2023-03-01,-0.13000000000000256
002890.XSHE,2023-03-01,-0.8000000000000007
603866.XSHG,2023-03-01,-0.740000000000002
002649.XSHE,2023-03-01,-8.570000000000007
300696.XSHE,2023-03-01,-1.5
600202.XSHG,2023-03-01,-0.33999999999999986
688378.XSHG,2023-03-01,-1.019999999999996
002401.XSHE,2023-03-01,-12.700000000000003
300519.XSHE,2023-03-01,-0.5799999999999983
600056.XSHG,2023-03-01,-3.3000000000000114
002629.XSHE,2023-03-01,-0.19000000000000128
600054.XSHG,2023-03-01,-0.4100000000000037
301166.XSHE,2023-03-01,-0.25
688117.XSHG,2023-03-01,-1.2699999999999996
002172.XSHE,2023-03-01,-0.120000000000001
601038.XSHG,2023-03-01,-0.16000000000000014
601908.XSHG,2023-03-01,-0.4299999999999997
601916.XSHG,2023-03-01,-0.03000000000000025
603318.XSHG,2023-03-01,-0.25
000609.XSHE,2023-03-01,-0.480000000000004
603538.XSHG,2023-03-01,-0.480000000000004
688373.XSHG,2023-03-01,-0.06999999999999851
002152.XSHE,2023-03-01,-8.789999999999992
600584.XSHG,2023-03-01,-5.460000000000008
300262.XSHE,2023-03-01,-0.33999999999999986
605098.XSHG,2023-03-01,-0.20000000000000284
002723.XSHE,2023-03-01,-0.3200000000000003
300588.XSHE,2023-03-01,-3.349999999999998
600829.XSHG,2023-03-01,-0.28999999999999204
603069.XSHG,2023-03-01,-0.4800000000000004
002932.XSHE,2023-03-01,-1.0699999999999932
605338.XSHG,2023-03-01,-0.5800000000000054
002259.XSHE,2023-03-01,-0.27999999999999936
600645.XSHG,2023-03-01,-4.389999999999986
688091.XSHG,2023-03-01,-0.5100000000000051
300756.XSHE,2023-03-01,-0.970000000000006
000952.XSHE,2023-03-01,-0.14999999999999858
688175.XSHG,2023-03-01,-1.4100000000000037
002326.XSHE,2023-03-01,-0.75
603960.XSHG,2023-03-01,-0.75
601718.XSHG,2023-03-01,-0.040000000000000036
002707.XSHE,2023-03-01,-0.980000000000004
002930.XSHE,2023-03-01,-0.2700000000000031
601326.XSHG,2023-03-01,-0.029999999999999805
688031.XSHG,2023-03-01,-2.780000000000001
600129.XSHG,2023-03-01,-3.8400000000000034
000518.XSHE,2023-03-01,-0.1700000000000017
000878.XSHE,2023-03-01,-1.480000000000004
002404.XSHE,2023-03-01,-0.2700000000000031
300287.XSHE,2023-03-01,-2.3500000000000014
600015.XSHG,2023-03-01,-0.26000000000000156
603130.XSHG,2023-03-01,-0.610000000000003
002698.XSHE,2023-03-01,-0.29999999999999716
002173.XSHE,2023-03-01,-0.6700000000000017
600848.XSHG,2023-03-01,-0.3400000000000034
600679.XSHG,2023-03-01,-0.05000000000000071
600035.XSHG,2023-03-01,-0.1899999999999995
002001.XSHE,2023-03-01,-10.300000000000068
301038.XSHE,2023-03-01,-0.7700000000000031
603108.XSHG,2023-03-01,-0.8299999999999983
301008.XSHE,2023-03-01,-0.4200000000000017
002643.XSHE,2023-03-01,-2.969999999999999
601288.XSHG,2023-03-01,-0.019999999999999574
603587.XSHG,2023-03-01,-0.4800000000000004
002941.XSHE,2023-03-01,-0.3800000000000008
600192.XSHG,2023-03-01,-0.14000000000000057
600571.XSHG,2023-03-01,-4.540000000000006
002858.XSHE,2023-03-01,-0.7399999999999984
600817.XSHG,2023-03-01,-0.5499999999999972
603305.XSHG,2023-03-01,-1.5399999999999991
300007.XSHE,2023-03-01,-2.3800000000000097
300329.XSHE,2023-03-01,-0.629999999999999
000898.XSHE,2023-03-01,-0.13000000000000078
601113.XSHG,2023-03-01,-0.03999999999999915
603610.XSHG,2023-03-01,-0.10000000000000142
002155.XSHE,2023-03-01,-0.490000000000002
300967.XSHE,2023-03-01,-0.14000000000000057
301085.XSHE,2023-03-01,-1.3300000000000054
600038.XSHG,2023-03-01,-1.8900000000000148
603213.XSHG,2023-03-01,-0.1800000000000015
600654.XSHG,2023-03-01,-49.409999999999854
301165.XSHE,2023-03-01,-0.9600000000000009
600108.XSHG,2023-03-01,-0.19000000000000128
300047.XSHE,2023-03-01,-1.6799999999999997
300409.XSHE,2023-03-01,-0.5100000000000051
300517.XSHE,2023-03-01,-0.48999999999999844
605055.XSHG,2023-03-01,-0.07999999999999918
003022.XSHE,2023-03-01,-0.29999999999999716
002436.XSHE,2023-03-01,-1.8700000000000045
300587.XSHE,2023-03-01,-1.1999999999999886
600237.XSHG,2023-03-01,-0.379999999999999
301052.XSHE,2023-03-01,-1.0700000000000003
002043.XSHE,2023-03-01,-2.950000000000003
300468.XSHE,2023-03-01,-2.4499999999999957
603093.XSHG,2023-03-01,-0.33000000000000007
300663.XSHE,2023-03-01,-1.8999999999999986
000026.XSHE,2023-03-01,-1.210000000000008
000159.XSHE,2023-03-01,-0.19000000000000128
600333.XSHG,2023-03-01,-0.0600000000000005
600579.XSHG,2023-03-01,-0.22999999999999865
688388.XSHG,2023-03-01,-0.5399999999999991
688459.XSHG,2023-03-01,-0.08999999999999986
600780.XSHG,2023-03-01,-2.1799999999999926
605336.XSHG,2023-03-01,-0.1999999999999993
603922.XSHG,2023-03-01,-0.3200000000000003
600345.XSHG,2023-03-01,-1.1400000000000006
600097.XSHG,2023-03-01,-0.23000000000000043
301266.XSHE,2023-03-01,-0.8400000000000034
600496.XSHG,2023-03-01,-0.5100000000000051
600301.XSHG,2023-03-01,-0.8800000000000026
688056.XSHG,2023-03-01,-0.9299999999999997
688419.XSHG,2023-03-01,-1.1099999999999994
688521.XSHG,2023-03-01,-7.309999999999995
605060.XSHG,2023-03-01,-0.6099999999999994
002689.XSHE,2023-03-01,-0.5699999999999967
688045.XSHG,2023-03-01,-0.519999999999996
300455.XSHE,2023-03-01,-1.1999999999999957
000020.XSHE,2023-03-01,-0.6500000000000021
300013.XSHE,2023-03-01,-0.08999999999999986
002196.XSHE,2023-03-01,-0.1999999999999993
000826.XSHE,2023-03-01,-0.25
300792.XSHE,2023-03-01,-2.1700000000000017
002840.XSHE,2023-03-01,-1.1199999999999974
600228.XSHG,2023-03-01,-0.08999999999999986
688678.XSHG,2023-03-01,-0.34999999999999787
300645.XSHE,2023-03-01,-1.3900000000000006
601179.XSHG,2023-03-01,-0.03000000000000025
000636.XSHE,2023-03-01,-12.670000000000016
000520.XSHE,2023-03-01,-0.36999999999999744
603277.XSHG,2023-03-01,-0.36999999999999744
002630.XSHE,2023-03-01,-0.17999999999999972
301259.XSHE,2023-03-01,-0.15000000000000213
002325.XSHE,2023-03-01,-0.1700000000000017
600837.XSHG,2023-03-01,-3.4000000000000057
600608.XSHG,2023-03-01,-10.670000000000073
605108.XSHG,2023-03-01,-0.23000000000000398
301160.XSHE,2023-03-01,-0.36000000000000654
301106.XSHE,2023-03-01,-0.23999999999999488
002806.XSHE,2023-03-01,-0.379999999999999
002571.XSHE,2023-03-01,-0.16000000000000014
301123.XSHE,2023-03-01,-1.0300000000000011
002283.XSHE,2023-03-01,-0.16999999999999815
002756.XSHE,2023-03-01,-2.3500000000000227
301062.XSHE,2023-03-01,-0.3099999999999987
600985.XSHG,2023-03-01,-0.20999999999999375
600011.XSHG,2023-03-01,-1.3000000000000043
600826.XSHG,2023-03-01,-0.36999999999999744
000606.XSHE,2023-03-01,-0.22000000000000064
300970.XSHE,2023-03-01,-0.4200000000000017
000799.XSHE,2023-03-01,-4.029999999999973
600795.XSHG,2023-03-01,-8.13000000000011
301181.XSHE,2023-03-01,-1.6700000000000017
603881.XSHG,2023-03-01,-1.3999999999999986
603008.XSHG,2023-03-01,-1.8099999999999952
300580.XSHE,2023-03-01,-0.36999999999999744
600770.XSHG,2023-03-01,-2.509999999999991
300234.XSHE,2023-03-01,-1.2100000000000009
600168.XSHG,2023-03-01,-0.11999999999999922
601566.XSHG,2023-03-01,-1.5199999999999996
000661.XSHE,2023-03-01,-19.12000000000012
300053.XSHE,2023-03-01,-1.5899999999999963
688330.XSHG,2023-03-01,-0.7199999999999989
300241.XSHE,2023-03-01,-0.6099999999999994
002583.XSHE,2023-03-01,-2.259999999999998
603226.XSHG,2023-03-01,-0.9600000000000009
300538.XSHE,2023-03-01,-0.9399999999999977
002658.XSHE,2023-03-01,-0.75
002927.XSHE,2023-03-01,-0.8400000000000034
688109.XSHG,2023-03-01,-2.4099999999999966
605198.XSHG,2023-03-01,-0.05999999999999872
300388.XSHE,2023-03-01,-0.17999999999999972
002219.XSHE,2023-03-01,-9.75
300869.XSHE,2023-03-01,-0.120000000000001
002293.XSHE,2023-03-01,-0.9500000000000028
002309.XSHE,2023-03-01,-0.26000000000000156
600280.XSHG,2023-03-01,-0.9200000000000017
600325.XSHG,2023-03-01,-6.299999999999997
601668.XSHG,2023-03-01,-0.34999999999999964
300670.XSHE,2023-03-01,-0.41000000000000014
002180.XSHE,2023-03-01,-2.759999999999991
301031.XSHE,2023-03-01,-1.8400000000000034
002729.XSHE,2023-03-01,-2.260000000000005
000766.XSHE,2023-03-01,-0.16999999999999815
603259.XSHG,2023-03-01,-6.719999999999999
000776.XSHE,2023-03-01,-2.8400000000000034
300305.XSHE,2023-03-01,-0.6400000000000006
301022.XSHE,2023-03-01,-0.3999999999999986
000813.XSHE,2023-03-01,-0.120000000000001
688339.XSHG,2023-03-01,-2.2099999999999937
600778.XSHG,2023-03-01,-0.46000000000000085
688558.XSHG,2023-03-01,-1.2299999999999969
000701.XSHE,2023-03-01,-0.35999999999999943
688303.XSHG,2023-03-01,-0.3100000000000023
601000.XSHG,2023-03-01,-0.060000000000002274
603879.XSHG,2023-03-01,-0.46000000000000085
600520.XSHG,2023-03-01,-0.7100000000000009
300395.XSHE,2023-03-01,-8.509999999999991
301389.XSHE,2023-03-01,-0.25
600998.XSHG,2023-03-01,-0.129999999999999
002768.XSHE,2023-03-01,-0.28999999999999204
300909.XSHE,2023-03-01,-0.3300000000000054
003032.XSHE,2023-03-01,-0.48999999999999844
000429.XSHE,2023-03-01,-0.480000000000004
002995.XSHE,2023-03-01,-3.6600000000000037
688050.XSHG,2023-03-01,-3.319999999999993
002979.XSHE,2023-03-01,-0.2600000000000051
300014.XSHE,2023-03-01,-13.730000000000018
000958.XSHE,2023-03-01,-0.18999999999999773
003036.XSHE,2023-03-01,-0.2699999999999996
605555.XSHG,2023-03-01,-0.23999999999999488
002953.XSHE,2023-03-01,-0.4299999999999997
300032.XSHE,2023-03-01,-0.379999999999999
002950.XSHE,2023-03-01,-0.21000000000000085
300394.XSHE,2023-03-01,-8.820000000000022
002730.XSHE,2023-03-01,-0.4399999999999977
003001.XSHE,2023-03-01,-0.9000000000000021
688260.XSHG,2023-03-01,-0.46999999999999886
301278.XSHE,2023-03-01,-1.1599999999999966
002332.XSHE,2023-03-01,-0.7600000000000051
002118.XSHE,2023-03-01,-0.120000000000001
605081.XSHG,2023-03-01,-0.120000000000001
002910.XSHE,2023-03-01,-0.11000000000000121
301197.XSHE,2023-03-01,-0.14000000000000057
002102.XSHE,2023-03-01,-0.17999999999999972
300354.XSHE,2023-03-01,-0.8499999999999943
300285.XSHE,2023-03-01,-15.54000000000002
300131.XSHE,2023-03-01,-3.710000000000008
601168.XSHG,2023-03-01,-0.6600000000000001
600531.XSHG,2023-03-01,-0.759999999999998
601069.XSHG,2023-03-01,-0.16999999999999993
000592.XSHE,2023-03-01,-0.129999999999999
002246.XSHE,2023-03-01,-0.21000000000000085
301257.XSHE,2023-03-01,-0.6700000000000017
300593.XSHE,2023-03-01,-1.25
300188.XSHE,2023-03-01,-7.380000000000024
301127.XSHE,2023-03-01,-0.16999999999999993
601007.XSHG,2023-03-01,-0.3600000000000012
300176.XSHE,2023-03-01,-0.4499999999999993
002104.XSHE,2023-03-01,-2.1599999999999966
603976.XSHG,2023-03-01,-0.5199999999999996
600084.XSHG,2023-03-01,-0.14000000000000057
301328.XSHE,2023-03-01,-1.019999999999996
002412.XSHE,2023-03-01,-0.740000000000002
600167.XSHG,2023-03-01,-0.1999999999999993
600268.XSHG,2023-03-01,-0.5200000000000031
600532.XSHG,2023-03-01,0.0
603026.XSHG,2023-03-01,-0.6899999999999977
002743.XSHE,2023-03-01,-0.08000000000000007
301075.XSHE,2023-03-01,-0.1999999999999993
603327.XSHG,2023-03-01,-0.7100000000000009
601155.XSHG,2023-03-01,-0.21999999999999886
688213.XSHG,2023-03-01,-1.1900000000000048
300098.XSHE,2023-03-01,-2.1500000000000057
300639.XSHE,2023-03-01,-0.5600000000000023
600980.XSHG,2023-03-01,-0.4299999999999997
000756.XSHE,2023-03-01,-1.4200000000000017
300450.XSHE,2023-03-01,-14.700000000000045
600481.XSHG,2023-03-01,-1.1799999999999926
600370.XSHG,2023-03-01,-0.14000000000000057
603885.XSHG,2023-03-01,-1.0399999999999991
601005.XSHG,2023-03-01,-0.010000000000000009
300246.XSHE,2023-03-01,-0.27999999999999403
601107.XSHG,2023-03-01,-0.05000000000000071
603616.XSHG,2023-03-01,-0.09999999999999964
603128.XSHG,2023-03-01,-0.23000000000000043
002099.XSHE,2023-03-01,-0.07000000000000028
603889.XSHG,2023-03-01,-0.6199999999999974
600109.XSHG,2023-03-01,-0.519999999999996
603601.XSHG,2023-03-01,-1.0700000000000074
603173.XSHG,2023-03-01,-0.5
688151.XSHG,2023-03-01,-0.2799999999999976
002086.XSHE,2023-03-01,-0.1999999999999993
002371.XSHE,2023-03-01,-15.919999999999845
002812.XSHE,2023-03-01,-2.9399999999999977
001914.XSHE,2023-03-01,-1.1699999999999875
301088.XSHE,2023-03-01,-0.3200000000000003
600252.XSHG,2023-03-01,-0.7800000000000011
002302.XSHE,2023-03-01,-0.509999999999998
600678.XSHG,2023-03-01,-0.4200000000000017
001319.XSHE,2023-03-01,-0.23999999999999844
600927.XSHG,2023-03-01,-0.15000000000000213
002364.XSHE,2023-03-01,-0.3999999999999986
600023.XSHG,2023-03-01,-0.03000000000000025
002540.XSHE,2023-03-01,-1.009999999999998
600255.XSHG,2023-03-01,-0.5500000000000043
002032.XSHE,2023-03-01,-7.909999999999968
601991.XSHG,2023-03-01,-0.0600000000000005
301076.XSHE,2023-03-01,-1.0499999999999972
601800.XSHG,2023-03-01,-0.5700000000000003
688392.XSHG,2023-03-01,-3.3799999999999955
605188.XSHG,2023-03-01,-0.09999999999999964
300776.XSHE,2023-03-01,-1.5699999999999932
603617.XSHG,2023-03-01,-0.14000000000000057
600189.XSHG,2023-03-01,-0.10999999999999943
603086.XSHG,2023-03-01,-0.36000000000000654
600089.XSHG,2023-03-01,-5.669999999999959
300488.XSHE,2023-03-01,-0.730000000000004
300185.XSHE,2023-03-01,-0.08999999999999986
603933.XSHG,2023-03-01,-0.4700000000000024
600208.XSHG,2023-03-01,-0.07000000000000028
603416.XSHG,2023-03-01,-1.9200000000000017
605318.XSHG,2023-03-01,-0.08999999999999986
600226.XSHG,2023-03-01,-0.8599999999999994
301139.XSHE,2023-03-01,-1.4899999999999984
688676.XSHG,2023-03-01,-0.21999999999999886
603017.XSHG,2023-03-01,-4.910000000000004
603779.XSHG,2023-03-01,-0.10000000000000142
600501.XSHG,2023-03-01,-1.5600000000000023
600380.XSHG,2023-03-01,-0.6800000000000068
605277.XSHG,2023-03-01,-0.9899999999999984
605369.XSHG,2023-03-01,-1.259999999999991
300173.XSHE,2023-03-01,-0.21000000000000085
000078.XSHE,2023-03-01,-0.6099999999999994
002182.XSHE,2023-03-01,-1.1300000000000097
002269.XSHE,2023-03-01,-0.17999999999999972
603787.XSHG,2023-03-01,-0.3200000000000003
300996.XSHE,2023-03-01,-2.6400000000000006
605122.XSHG,2023-03-01,-0.08999999999999986
000998.XSHE,2023-03-01,-0.8899999999999864
688053.XSHG,2023-03-01,-1.3200000000000074
300705.XSHE,2023-03-01,-0.29000000000000625
600692.XSHG,2023-03-01,-1.3499999999999943
002170.XSHE,2023-03-01,-0.5700000000000003
002989.XSHE,2023-03-01,-0.15000000000000213
300467.XSHE,2023-03-01,-1.1699999999999946
002811.XSHE,2023-03-01,-0.3100000000000005
300041.XSHE,2023-03-01,-1.2199999999999989
600622.XSHG,2023-03-01,-26.559999999999945
300084.XSHE,2023-03-01,-0.2699999999999996
601200.XSHG,2023-03-01,-0.05000000000000071
002736.XSHE,2023-03-01,-0.3200000000000003
600875.XSHG,2023-03-01,-0.4799999999999969
000576.XSHE,2023-03-01,-0.8900000000000006
600111.XSHG,2023-03-01,-9.370000000000005
600078.XSHG,2023-03-01,-0.5300000000000011
002456.XSHE,2023-03-01,-1.220000000000013
300738.XSHE,2023-03-01,-5.7099999999999795
002112.XSHE,2023-03-01,-1.240000000000002
688696.XSHG,2023-03-01,-9.189999999999998
688012.XSHG,2023-03-01,-1.5699999999999932
002999.XSHE,2023-03-01,-0.120000000000001
300452.XSHE,2023-03-01,-1.3100000000000023
001216.XSHE,2023-03-01,-0.120000000000001
600493.XSHG,2023-03-01,-0.19000000000000128
002825.XSHE,2023-03-01,-0.629999999999999
603166.XSHG,2023-03-01,-0.1399999999999988
603880.XSHG,2023-03-01,-0.29999999999999716
603986.XSHG,2023-03-01,-4.600000000000023
300370.XSHE,2023-03-01,-0.1600000000000037
600585.XSHG,2023-03-01,-1.539999999999992
600235.XSHG,2023-03-01,-0.14000000000000057
603225.XSHG,2023-03-01,-0.5300000000000011
688291.XSHG,2023-03-01,-0.7399999999999984
600559.XSHG,2023-03-01,-9.620000000000005
300912.XSHE,2023-03-01,-1.0300000000000011
600588.XSHG,2023-03-01,-135.32000000000016
002010.XSHE,2023-03-01,-0.9600000000000009
002107.XSHE,2023-03-01,-0.3200000000000003
601989.XSHG,2023-03-01,-0.09999999999999964
000950.XSHE,2023-03-01,-0.09999999999999964
000151.XSHE,2023-03-01,-0.9899999999999949
001203.XSHE,2023-03-01,-0.14000000000000057
300671.XSHE,2023-03-01,-1.230000000000004
600316.XSHG,2023-03-01,-2.0900000000000034
300042.XSHE,2023-03-01,-2.260000000000005
603977.XSHG,2023-03-01,-0.2099999999999973
603359.XSHG,2023-03-01,-0.1999999999999993
600211.XSHG,2023-03-01,-2.0900000000000034
600667.XSHG,2023-03-01,-0.5599999999999987
002094.XSHE,2023-03-01,-0.3200000000000003
002772.XSHE,2023-03-01,-0.3299999999999983
002396.XSHE,2023-03-01,-2.719999999999999
688399.XSHG,2023-03-01,-1.519999999999996
002816.XSHE,2023-03-01,-0.17999999999999972
300551.XSHE,2023-03-01,-0.19999999999999574
603496.XSHG,2023-03-01,-1.7700000000000031
300061.XSHE,2023-03-01,-1.1799999999999997
603368.XSHG,2023-03-01,-2.6499999999999915
600582.XSHG,2023-03-01,-2.030000000000001
603590.XSHG,2023-03-01,-0.480000000000004
603955.XSHG,2023-03-01,-0.5100000000000016
600790.XSHG,2023-03-01,-0.12000000000000455
600666.XSHG,2023-03-01,0.0
605006.XSHG,2023-03-01,-0.08999999999999986
688329.XSHG,2023-03-01,-0.6300000000000026
000828.XSHE,2023-03-01,-0.3500000000000014
002431.XSHE,2023-03-01,-0.490000000000002
300993.XSHE,2023-03-01,-0.14000000000000057
300536.XSHE,2023-03-01,-0.5799999999999983
600233.XSHG,2023-03-01,-1.039999999999992
688325.XSHG,2023-03-01,-0.5
603711.XSHG,2023-03-01,-0.060000000000002274
301025.XSHE,2023-03-01,-0.3200000000000003
603021.XSHG,2023-03-01,-0.3000000000000007
002637.XSHE,2023-03-01,-0.13000000000000256
300560.XSHE,2023-03-01,-2.9099999999999966
301050.XSHE,2023-03-01,-2.3000000000000114
600908.XSHG,2023-03-01,-0.10999999999999943
603722.XSHG,2023-03-01,-4.560000000000002
603988.XSHG,2023-03-01,-0.44000000000000483
300154.XSHE,2023-03-01,-1.0
001322.XSHE,2023-03-01,-1.0799999999999983
301183.XSHE,2023-03-01,-0.46999999999999886
601598.XSHG,2023-03-01,-0.04999999999999982
300472.XSHE,2023-03-01,-0.6099999999999994
600356.XSHG,2023-03-01,0.0
600740.XSHG,2023-03-01,-0.5499999999999972
600971.XSHG,2023-03-01,-1.7600000000000051
688551.XSHG,2023-03-01,-0.01999999999999602
301009.XSHE,2023-03-01,-0.21000000000000085
300547.XSHE,2023-03-01,-2.3100000000000023
000735.XSHE,2023-03-01,-1.1499999999999986
002132.XSHE,2023-03-01,-0.5300000000000011
601118.XSHG,2023-03-01,-0.04999999999999982
002863.XSHE,2023-03-01,-0.22999999999999865
603579.XSHG,2023-03-01,-1.2800000000000011
688685.XSHG,2023-03-01,-0.5
688410.XSHG,2023-03-01,-0.7899999999999991
600734.XSHG,2023-03-01,-0.09999999999999432
000031.XSHE,2023-03-01,-0.5699999999999932
000681.XSHE,2023-03-01,-3.460000000000008
300037.XSHE,2023-03-01,-5.339999999999975
300953.XSHE,2023-03-01,-0.3100000000000023
600598.XSHG,2023-03-01,-0.28999999999999915
600796.XSHG,2023-03-01,-0.4299999999999997
000338.XSHE,2023-03-01,-2.900000000000034
300604.XSHE,2023-03-01,-2.6299999999999955
603348.XSHG,2023-03-01,-0.4799999999999969
000777.XSHE,2023-03-01,-0.8499999999999943
000034.XSHE,2023-03-01,-3.8799999999999955
300922.XSHE,2023-03-01,-0.9700000000000024
002580.XSHE,2023-03-01,-0.5399999999999991
603990.XSHG,2023-03-01,-0.6499999999999986
688016.XSHG,2023-03-01,-1.0900000000000034
002946.XSHE,2023-03-01,-0.16000000000000014
002125.XSHE,2023-03-01,-0.6600000000000037
000301.XSHE,2023-03-01,-0.5900000000000034
002424.XSHE,2023-03-01,-1.519999999999996
688063.XSHG,2023-03-01,-0.8199999999999932
002201.XSHE,2023-03-01,-1.3299999999999983
002703.XSHE,2023-03-01,-0.25
000509.XSHE,2023-03-01,-0.6599999999999966
300125.XSHE,2023-03-01,-0.7299999999999898
000655.XSHE,2023-03-01,-0.7800000000000011
300083.XSHE,2023-03-01,-1.0699999999999932
000802.XSHE,2023-03-01,-0.21000000000000085
002548.XSHE,2023-03-01,-0.28999999999999915
002341.XSHE,2023-03-01,-0.5799999999999983
002276.XSHE,2023-03-01,-0.5
000007.XSHE,2023-03-01,-0.730000000000004
002090.XSHE,2023-03-01,-1.3400000000000034
300011.XSHE,2023-03-01,-1.4299999999999997
002282.XSHE,2023-03-01,-0.10999999999999943
300310.XSHE,2023-03-01,-1.3099999999999987
688135.XSHG,2023-03-01,-0.5300000000000011
300830.XSHE,2023-03-01,-0.2699999999999996
000528.XSHE,2023-03-01,-0.730000000000004
002472.XSHE,2023-03-01,-5.789999999999992
600736.XSHG,2023-03-01,-1.1200000000000045
603029.XSHG,2023-03-01,-0.6400000000000006
002169.XSHE,2023-03-01,-0.9399999999999977
000680.XSHE,2023-03-01,-0.4299999999999997
002817.XSHE,2023-03-01,-0.7100000000000009
301187.XSHE,2023-03-01,-0.389999999999997
300278.XSHE,2023-03-01,-0.5199999999999996
300932.XSHE,2023-03-01,-0.629999999999999
002595.XSHE,2023-03-01,-0.5800000000000125
600784.XSHG,2023-03-01,-0.36999999999999744
603429.XSHG,2023-03-01,-0.37000000000000455
300393.XSHE,2023-03-01,-2.8100000000000023
688662.XSHG,2023-03-01,-0.5100000000000016
002251.XSHE,2023-03-01,-0.14999999999999858
600594.XSHG,2023-03-01,-0.6800000000000068
603488.XSHG,2023-03-01,-0.129999999999999
000023.XSHE,2023-03-01,-0.2699999999999996
000599.XSHE,2023-03-01,-0.7300000000000004
300371.XSHE,2023-03-01,-0.8900000000000006
603595.XSHG,2023-03-01,-1.7099999999999937
000859.XSHE,2023-03-01,-0.15000000000000213
600862.XSHG,2023-03-01,-0.9900000000000091
301118.XSHE,2023-03-01,-0.1700000000000017
003012.XSHE,2023-03-01,-0.2599999999999998
603730.XSHG,2023-03-01,-0.36999999999999744
300509.XSHE,2023-03-01,-0.7799999999999976
002212.XSHE,2023-03-01,-1.5700000000000003
688468.XSHG,2023-03-01,-0.009999999999999787
688289.XSHG,2023-03-01,-0.28000000000000114
300425.XSHE,2023-03-01,-1.0200000000000031
000820.XSHE,2023-03-01,-0.08000000000000007
300609.XSHE,2023-03-01,-0.8999999999999986
603567.XSHG,2023-03-01,-0.21999999999999886
603199.XSHG,2023-03-01,-0.75
600787.XSHG,2023-03-01,-2.2399999999999807
600197.XSHG,2023-03-01,-2.6300000000000097
300417.XSHE,2023-03-01,-0.7399999999999949
300182.XSHE,2023-03-01,-15.109999999999985
002699.XSHE,2023-03-01,-0.5800000000000018
300025.XSHE,2023-03-01,-1.1899999999999977
002494.XSHE,2023-03-01,-0.29999999999999893
688102.XSHG,2023-03-01,-0.35999999999999943
000988.XSHE,2023-03-01,-8.330000000000013
603288.XSHG,2023-03-01,-3.6399999999999864
300533.XSHE,2023-03-01,-1.6799999999999997
000420.XSHE,2023-03-01,-1.370000000000001
300617.XSHE,2023-03-01,-1.3499999999999943
600781.XSHG,2023-03-01,-0.1499999999999999
605358.XSHG,2023-03-01,-0.6600000000000108
603040.XSHG,2023-03-01,-0.4299999999999997
300155.XSHE,2023-03-01,-1.240000000000002
300692.XSHE,2023-03-01,-0.120000000000001
002171.XSHE,2023-03-01,-1.269999999999996
301365.XSHE,2023-03-01,-0.18000000000000327
000688.XSHE,2023-03-01,-1.1099999999999994
600405.XSHG,2023-03-01,-0.7100000000000009
002972.XSHE,2023-03-01,-0.1999999999999993
603168.XSHG,2023-03-01,-0.46999999999999886
000665.XSHE,2023-03-01,-1.2000000000000028
300233.XSHE,2023-03-01,-0.3500000000000014
002127.XSHE,2023-03-01,-0.5200000000000031
600568.XSHG,2023-03-01,-0.7699999999999996
002539.XSHE,2023-03-01,-0.4399999999999977
301319.XSHE,2023-03-01,-0.5499999999999972
603165.XSHG,2023-03-01,-0.5300000000000011
000530.XSHE,2023-03-01,-0.9600000000000009
002823.XSHE,2023-03-01,-0.6799999999999997
300630.XSHE,2023-03-01,-0.7800000000000011
603689.XSHG,2023-03-01,-0.10999999999999943
600885.XSHG,2023-03-01,-2.200000000000017
600170.XSHG,2023-03-01,-0.17999999999999972
000980.XSHE,2023-03-01,-0.15000000000000036
300701.XSHE,2023-03-01,-0.9600000000000009
002852.XSHE,2023-03-01,-0.11999999999999744
000547.XSHE,2023-03-01,-2.6499999999999915
000793.XSHE,2023-03-01,-0.6500000000000057
605366.XSHG,2023-03-01,-0.10999999999999943
002288.XSHE,2023-03-01,-0.6700000000000017
600727.XSHG,2023-03-01,-0.1700000000000017
688448.XSHG,2023-03-01,-0.46000000000000085
688385.XSHG,2023-03-01,-0.8399999999999892
002993.XSHE,2023-03-01,-0.8500000000000014
300440.XSHE,2023-03-01,-0.7899999999999991
002592.XSHE,2023-03-01,-0.3100000000000005
300788.XSHE,2023-03-01,-0.8900000000000006
603917.XSHG,2023-03-01,-0.7099999999999937
300157.XSHE,2023-03-01,-0.3000000000000007
600561.XSHG,2023-03-01,-0.28000000000000114
300280.XSHE,2023-03-01,-1.3500000000000014
688177.XSHG,2023-03-01,-0.10999999999999943
600519.XSHG,2023-03-01,-256.9200000000001
300295.XSHE,2023-03-01,-1.3599999999999994
603052.XSHG,2023-03-01,-0.8700000000000045
688130.XSHG,2023-03-01,-0.8599999999999994
603698.XSHG,2023-03-01,-0.41000000000000014
002057.XSHE,2023-03-01,-1.0400000000000063
002215.XSHE,2023-03-01,-0.5
002939.XSHE,2023-03-01,-0.08999999999999986
301326.XSHE,2023-03-01,-0.9899999999999949
002400.XSHE,2023-03-01,-2.780000000000001
002136.XSHE,2023-03-01,-0.48999999999999844
601677.XSHG,2023-03-01,-0.6099999999999994
600319.XSHG,2023-03-01,-0.09999999999999964
000906.XSHE,2023-03-01,-0.6499999999999986
300266.XSHE,2023-03-01,-1.1500000000000057
000935.XSHE,2023-03-01,-0.5399999999999991
002697.XSHE,2023-03-01,-0.14999999999999858
300586.XSHE,2023-03-01,-1.2199999999999989
003018.XSHE,2023-03-01,-0.13000000000000078
300836.XSHE,2023-03-01,-0.17999999999999972
300845.XSHE,2023-03-01,-1.2100000000000009
002636.XSHE,2023-03-01,-0.5499999999999972
301026.XSHE,2023-03-01,-0.4799999999999969
300985.XSHE,2023-03-01,-0.22000000000000242
002692.XSHE,2023-03-01,-0.03999999999999915
300525.XSHE,2023-03-01,-9.450000000000017
600215.XSHG,2023-03-01,-0.4900000000000002
600783.XSHG,2023-03-01,-0.6299999999999955
600222.XSHG,2023-03-01,-0.2799999999999976
600986.XSHG,2023-03-01,-1.3900000000000041
002617.XSHE,2023-03-01,-0.39000000000000057
300137.XSHE,2023-03-01,-0.370000000000001
300978.XSHE,2023-03-01,-0.2900000000000009
